ふさがり,しながら,うまざー,りんとん,するから,くつもり,くるから,ごくおい,うときび,みしめた,しっくり,こともた,ことがち,かりのお,しなかっ,つけてく,こそぐり,きりしな,いそうだ,かってく,もそうね,すべきこ,すくする,わくする,きんしっ,ばらくす,がばくん,ちらこそ,たっぷり,でこちら,こっちか,わんばか,ばたする,ちらつか,げたから,からする,びしゃびし,ざーもそ,からこそ,もそこそ,くらいら,たらすご,くりする,とことん,がぶつか,もたちか,うとしな,がたどた,どたどし,てくすく,こそごつ,くること,おいしく,ぱたちか,からこち,しっかり,からさら,どろおど,よろしく,からぱん,ことがた,ちかけた,ふらする,ぶつかり,からうつら,にやたら,めそちら,うじゃうじ,くらする,うだがや,かーぺっ,はらしな,うところ,かりがつ,どきする,くすはき,ちりかっ,ことにや,たらしく,せかけた,うだから,こそでか,もそもお,ひしめき,くるこん,びらかす,からぐり,きらめき,もそうか,ぬくもり,たらまざ,ちょこちょい,びーもそ,からかっ,おいてく,ことごと,すること,ぶつけた,めたこと,からほか,すごかっ,するこん,ひたすら,からすれ,ちらにや,すいから,あーりん,するこっ,おろしな,わなかっ,ごしたっ,がらしー,けたこと,はたくさ,ことすら,ざーから,からこん,からはら,まるとこ,つけたら,がたくさ,がらぼや,もそうだ,ちらから,するくら,きらしく,うろする,ばしてく,するばか,ぶーつや,がらきょろ,かったら,こちから,はっきり,しとかっ,ねばこん,ぼそうと,かすだら,うんちく,てくるん,きしめた,もぐりん,いらしく,ぐすかー,まること,からこっ,わなくちゃ,めたから,くっきり,はらする,いちゃする,めちゃくちゃ,めたあー,うまいら,いそぷら,かすこと,ことばか,うとする,おどけた,ことから,もそうよ,がたかっ,くだから,くらしく,けたから,ひらから,うろから,ころから,こっくり
['\u3000裏口門の影にいたせりあの前に巨大な壁が立ちふさがり、地面に引きずり倒されたかと思うと大きな手で口をふさがれてしまった。\n'],"['\u3000はーい……と、子どもたちは少々元気がないものの返事をした。去り際に、せりあに抱きついたり頬にきすをしたりしながら。\n', '\u3000感心しながらでにすの背中を見送っていたせりあに、しばらくの間沈黙していた青年が声を掛ける。\n', '\u3000手押し車を押しながら、彼はぐすっと鼻をすするのだった。\n', '\u3000ぽんぽんと言葉を交わしながら、二人は丘陵地帯をゆっくり歩いていく。\n', '「よかったらまた、こうして二人で散歩しながら話をしたいな」\n', '\u3000十六歳になったせりあが筆頭聖奏師になったときには、心底焦った。口では彼女の立身出世を祝福しながらも、「これはまずい」と思っていた。\n', '\u3000互いに反駁しながらも、その根っこは同じだったのだろう。\n', '\u3000子どもたちは食事をしながらも、「これは自分が収穫した」「これは自分が手伝った」「これは自分が買いに行った」とあぴーるするのに忙しく、傭兵たちはどこに隠していたのか、年代物のわいんを次々に持ってくる。\n', '\u3000せりあの隣に座っていた男の子が、口の周りをべたべたにしながら食べるものだから口元をはんかちで拭いてやると、その子は目を丸くした後、ぽろぽろと泣きだしてしまった。どうも一年ぶりにせりあに世話を焼いてもらえたのが嬉しいらしく、「ありがどぉ！」と鼻声になりながら自分のむーすを平らげていた。\n']",['\u3000そう言うまざーは今、かたく両目を閉ざしている。彼女の瞼が開くことはない。生まれつき、目が見えないのだ。\n'],"['\u3000途中、ふぁりんとん軍を押さえ込んでいたぐろすはいむの騎士たちが、「でぃーとりひ様は十字路を北に迂回して行かれました」と教えてくれた。\n', '「兵は……ふぁりんとんの軍はいないの？」\n', '（まさかふぁりんとん軍の上層部は、城下町ででにすたちが苦戦している間に逃げたということなの！？）\n', '\u3000こんらーと王子の報告によれば、城下町戦でふぁりんとん軍の将軍くらすの姿はなかったという。上層部は王城で最後の守りを固めているのかと思ったら、そうではなかった。\n', '「と、とにかく！\u3000ふぁりんとんを救いたいのなら、早く私に協力しなさい！」\n', '「私は、ふぁりんとんがこうなったのは宿命だと思っているわ。えるゔぃすには政治的手腕がなかった。あなたは聖奏師の役目を改革しようとして失敗した。……その結果がこれなのよ」\n', '「現実を見なさい、みゅりえる。ふぁりんとん国民の多くは貧困にあえぎ、えるゔぃすはそんな国民を無下にしている。あなたも……守るべき部下たちを死地に赴かせたり、虐めたりしたのでしょう？」\n', '「っ……ぺねろぺたちは死んだわ。それも、ふぁりんとん兵の手によって！」\n', '\u3000手を振ってにこやかに微笑む男は、でにす・かーたれっと。ふぁりんとん王国騎士団に所属している青年騎士だ。\n', '\u3000でにすはいつもおっとりと優しそうに笑っており、知識も豊富だった。とりわけ、ふぁりんとん王国含む各国の情勢や地理歴史に堪能で、せりあは彼の｜蘊蓄《うんちく》のおかげで社会科の成績を上位で保てたのだ。\n', '「……ふぁりんとんの国民もいるわ」\n', '「お初にお目に掛かります。ふぁりんとん王国の聖奏師、せりあでございます」\n', '「……結果としてふぁりんとん軍は聖奏に甘え、弱体化してしまったのね」\n', '「戦死じゃないんです、ふぁりんとん軍に殺されたそうで――」\n', '「ああ、出発は翌朝。ふぁりんとんの各拠点を回りながら王都を目指すぞ」\n', '「はい。堕落しきったふぁりんとんなんて、我が軍の敵ではありません」\n', '「……ふぁりんとん王国に旅をした際、国民から聞いた内容を元に作詞しました。現在の国王に関することらしくて――」\n', '「まずは――吟遊詩人について言うと、彼は一月くらい前にふぁりんとん王国に立ち寄った。王都るしあんなで曲を披露しようとしたんだって。それで、市民と話をしているうちに巷で噂になっている国王絡みの恋愛話を耳にし、それを歌の主題にしようと思いついたそうだ」\n', '\u3000ところが、せりあの名は風化するどころか悪女として皆に広まってしまっている。ぐりんひるに来た吟遊詩人は運良く身分や名前を伏せて吟じてくれたが、せりあの名も身分も他国まで響いているかもしれない。せりあ、というのがふぁりんとん王国周辺ではありきたりな女性名であるのが不幸中の幸いである。\n', '「……うん、僕もそう思う。それに彼曰く、ふぁりんとん王国の国王をもでるにした歌を歌うことに関して、城の了承を得た上でのことだそうだ」\n', '\u3000だが彼ならば、「せりあ・らんずべりー」として書類にも残っている姪がありもせぬ罪を着せられるなんてことがあれば、城に猛抗議するだろう。実際にせりあがやらかしているならともかく、当の本人はふぁりんとん王国から離れた緑の丘で暮らしているし、叔父たちもせりあが戻ってきていないことは分かっているはずだ。\n', '「それだけ、今の王都――いや、ふぁりんとん王国は国王とみゅりえるの天下なんだ。この二年間で国王の中でどういう変化があったのかは分からない。僕だって、みゅりえる親衛隊入隊を断ってからは冷遇されてきたって言ったよね？\u3000そういうことだから、あの吟遊詩人の歌が上層部から承認された理由も――正直腹が立つけれど、納得なんだ。彼は何となく僕たちの事情を察したようで、これから先あの歌は歌わないし当分はふぁりんとんには行かないと言っていたけれど……王都で広まっている噂をもみ消すのは不可能だろう」\n', '「それだけ、今の王都――いや、ふぁりんとん王国は国王とみゅりえるの天下なんだ。この二年間で国王の中でどういう変化があったのかは分からない。僕だって、みゅりえる親衛隊入隊を断ってからは冷遇されてきたって言ったよね？\u3000そういうことだから、あの吟遊詩人の歌が上層部から承認された理由も――正直腹が立つけれど、納得なんだ。彼は何となく僕たちの事情を察したようで、これから先あの歌は歌わないし当分はふぁりんとんには行かないと言っていたけれど……王都で広まっている噂をもみ消すのは不可能だろう」\n', '\u3000ふぁりんとん王国の聖奏師だった頃、騎士団に呼ばれて治療に行っていた。せりあが在籍している間は大きな戦争や事件はなかったが、それでもたまには大怪我を負って運ばれた患者の治療を任せられたことがあった。\n', '\u3000ふぁりんとん王国の各地で遭遇したふぁりんとん軍を撃退し、近隣住民の理解を得ながら進軍したでぃーとりひたちはついに、王都るしあんなに到着した。\n', '\u3000ふぁりんとん王国の各地で遭遇したふぁりんとん軍を撃退し、近隣住民の理解を得ながら進軍したでぃーとりひたちはついに、王都るしあんなに到着した。\n', '「そうですね。……こんらーと様は王都の外で待機していただきます。私が突撃部隊長となってふぁりんとん軍を蹴散らし、王都まで進軍します。こんらーと様には、逃げまどう市民への呼びかけをお願いしたいです」\n', '「ふぁりんとん軍は、ぐろすはいむ軍に私がいることを知らないでしょう。知っていたとしても、たかが一般兵風情と、見下しているはず。……突破口に使うのは、東門がよろしいでしょう」\n', '「ふぁりんとん軍も、兵力を南部に集中させている模様です」\n', '\u3000でぃーとりひを隊長とする突撃部隊はそのまま王城へ突き進み、遊撃隊が東門付近でふぁりんとん兵を迎え撃つ。こんらーとの護衛も兼ねた後方部隊は東門から少し離れた場所で足を止め、王都から逃げ出してきた市民などがいれば迎え入れるようにする。\n', '「ぐろすはいむで君と共に過ごした十年間、そして君がふぁりんとんで過ごしていた十年間。君がいてくれたからこそ、私たちはここまでやってこられた」\n', '「こんらーと様、どうかぐろすはいむを――そしてふぁりんとんをよろしくお願いします」\n', '\u3000ふぁりんとん軍は最初、南門の向こう側でほくそ笑んでいた。\n', '\u3000南門は外見こそやや貧相だが、頑丈な鉄板で裏打ちされており最新の馬止めも至る所に設置している。何も知らないぐろすはいむ軍は門を突破できずに歯がみし、そうしている間にふぁりんとん軍の攻撃を受けるのだ。\n', '\u3000ふぁりんとん軍が狼狽し、慌てて東門へと移動している間に門が突破された。\n', '\u3000案の定ふぁりんとん軍は、ひときわ目立つ見目でぐろすはいむ王家の紋章入りの盾を装備しているでぃーとりひを見て、こんらーとだと勘違いしたようだ。\n', '\u3000ふぁりんとん軍は、十年間大人しく従属していたぐろすはいむ軍がこれほどまでの豹変を見せるとは思っていなかったのだろう。事実、でぃーとりひが城にいた頃、「ぐろすはいむなんていざとなったら一日で潰せる」とうそぶいている連中を目にしたことがあった。\n', '「十年前、えるゔぃすによって王都が襲撃された際、こんらーと様は風邪のために離宮で療養されていた。その場にでぃーとりひ様もいらっしゃり、襲撃を聞いて我々はお二人を逃がすことにした。だが、でぃーとりひ様は自分がこんらーと様の身代わりになると言って聞かず、こんらーと様の服を着てふぁりんとん軍の前に立ったのだ」\n', '\u3000国民には真実を伏せた上で、でぃーとりひはふぁりんとんに渡った。\n', '「かーどを出すべき時」が来るまでにふぁりんとんの内情を探り、力をつけ、復讐の時を待っていたのだ。\n', '\u3000戦後すぐはぐろすはいむも疲弊しており、ふぁりんとんの圧政に敷かれながら国を立て直すのにも時間を要した。たとえでぃーとりひがえるゔぃすを討ったとしても、ふぁりんとんが弱体化していない状況だと再びぐろすはいむが襲撃されるかもしれない。そのためには、時間を掛けてでも国の再興に努めなければならなかった。\n', '\u3000戦後すぐはぐろすはいむも疲弊しており、ふぁりんとんの圧政に敷かれながら国を立て直すのにも時間を要した。たとえでぃーとりひがえるゔぃすを討ったとしても、ふぁりんとんが弱体化していない状況だと再びぐろすはいむが襲撃されるかもしれない。そのためには、時間を掛けてでも国の再興に努めなければならなかった。\n', '\u3000十年掛けてこんらーとはぐろすはいむを立て直し、でぃーとりひはふぁりんとんを調べ尽くして国の弱体化をはかった。\n', '「……ふぁりんとんの運命は、私一人があがこうとどうにもならない。えるゔぃす様を助けるのが正解ではないことも、もう分かってしまった。それに、やっとしがらみから解放されたのよ。過去のことに引きずられ、縛られていた私を助けてくれた人がいるからね」\n', '\u3000ぐろすはいむはこんらーとが治め、君主を失っただけでなく元々弱体化しているふぁりんとんはどこかの国に併呑されるだろう。\n', '\u3000ふぁりんとん侵略を企てる者たち。\n', '「そうそう。でぃーとりひ様は強いからね、うまくいくに決まってる。……あ、お姉さんはふぁりんとんの人間だから、王様を助けたいって思ってる？」\n', '「てかさ、ふぁりんとんってわりともう終わっちゃってる感じじゃない？\u3000おれも国内を見て回ったけどさぁ、王都はなんとか体裁を保っていたけど地方はそりゃあ酷かったよ。このゔぇすて地方とは比べものにならないくらいの貧困具合だった」\n', '\u3000広大な領土を持つふぁりんとん王国から東へ馬車を走らせると、やがてなだらかな丘がいくつも連なる丘陵地帯に差し掛かる。\n', '\u3000この辺りから土地名はふぁりんとん王国から、ゔぇすて地方へと移り変わる。\n', '\u3000ゔぇすて地方は大昔はふぁりんとん王国の一部だったが、長い時の中で独立し、どこの国にも所属しない地方として確立するに至った。\n', '\u3000ふぁりんとんにいた頃のように、衣食住が完備しているわけではない。大雨の日には屋根が抜けて水浸しになることもあったし、傭兵たちがいない隙に盗賊が押し入ってきたこともある。思うように工芸品が売れず、子どもたちのために自分たちの食費を切り崩したことだって何度もあった。\n', '\u3000こうして、ふぁりんとん王国聖奏師団に新しい仲間が増えた。\n', '\u3000ふぁりんとん王国王都るしあんなとは違った活気に溢れており、道行く人のほとんどとは顔見知り。店の人たちも、「やあ、今日はせりあだね」と気さくに声を掛けてくれる。商売第一、売り上げ第一の王都の商店街では見られなかった光景だ。\n', '\u3000黄金で縁取られた豪奢な玉座の前には真紅の絨毯が敷かれ、壁から垂れ下がっている旗にはふぁりんとん王国の紋章が刺繍されている。\n', '「僕は、あまりにも多くの罪を負いすぎた。君を嵌めたから、ふぁりんとんは一気に零落した。そのせいで死んだ人もいる」\n', '\u3000ぐろすはいむ王国の西の国境を越えると、最大規模の国土面積を誇るふぁりんとん王国に足を踏み入れる。\n', '\u3000彼がぐりんひるの館で過ごしている間にぐろすはいむ軍は国境戦に見事勝利し、敗走するふぁりんとん軍を追いかけるような形でふぁりんとん王国内に軍を進めたのだ。\n', '\u3000彼がぐりんひるの館で過ごしている間にぐろすはいむ軍は国境戦に見事勝利し、敗走するふぁりんとん軍を追いかけるような形でふぁりんとん王国内に軍を進めたのだ。\n', '\u3000どちらも金色の髪に青系統の目を持っているが、全体的にでぃーとりひよりもこんらーとの方が色彩が薄めだった。肌の色も、十年間ふぁりんとんに潜り込んでいたでぃーとりひと違って、なかなか外出できない身であるこんらーとは青白い。そんな彼が心おきなく太陽の下を歩ける時代が、間もなく訪れるはずだ。\n', '「何を言うか。確かに私や将軍が指揮官を務めたが、実際に戦ったのは騎士たちだ。それに――ふぁりんとんの弱体ぶりは、私たちの予想以上だった」\n', '「……君が十年間、ふぁりんとんでどのように生活してきたのかは私も聞いている。二年前に、それまで懇意にしていた筆頭聖奏師を城から追い出したのだろう」\n', '「そうして優秀な聖奏師が去り、私たちにとっては都合のいい聖奏師が筆頭になったことで、ふぁりんとん軍の士気も落ちたということだね」\n', '「密偵の報告によれば、自軍が劣勢になるとふぁりんとん軍の生き残りは無理矢理聖奏師たちに傷を癒させた後、彼女らを殺害して自分たちはさっさと逃げてしまったそうだ」\n', '\u3000祖国のため、密偵としてふぁりんとんに潜入して十年。\n', '\u3000ふぁりんとんの騎士たちは、逃走するために聖奏師たちに聖奏をさせた。そして用が済んだ後は、ためらいなく彼女らを殺害した。生かしたためにぐろすはいむ軍に投降し、寝返られたら困ると思ったからだろう。\n', '「確かに、筆頭が代替わりしたのは先代の女性が勝負事で敗北したから。彼女が負けるように仕組んだのは君だ。だが、そうでなくてもふぁりんとんは弱っていた。それに、準備が整った以上これ以上ぐろすはいむの民を困窮させるわけにはいかない」\n', '「私がどうなっても、殿下がぐろすはいむ国のみならず崩壊したふぁりんとんもよく治めてくださるでしょう」\n', '\u3000本当は、引退後はえるゔぃすの妃になるつもりだった。筆頭の座を後輩に譲ったらえるゔぃすと結婚し、ふぁりんとん王国に生きる女性の最高位を手にするつもりだった。\n', '「でもね、全部失ってからやっと分かったの。私はそれまで、本当に狭い世界しか見ていなかった。ふぁりんとん王国全体を見通しているつもりになっていたけれど、実際私が見ていたのは｜王都《るしあんな》という限られた一部のみ。一歩城下町の外に出ると、国民たちは重税に悩まされ、いつ侵略してくるから分からない他国の脅威に怯え、飢饉を恐れていた。王都がきらきら輝いていたのは、私たちが何不自由なく生活できていたのは、彼らからいろいろなものを搾取していたからなのだと――生まれて十七年目にしてやっと気づけたの」\n', '\u3000――ふぁりんとん王国北部は、鉱山資源に恵まれている。西部は避暑地に最適な湖畔地方で、海に面した南部では海の幸が豊富である。\n', '\u3000聖弦が精霊の力を呼び起こすのは、聖奏用の曲を演奏したときのみ。今せりあが奏でているのは、ふぁりんとん王国の楽師ならば誰でも知っているめじゃーな曲だった。\n', '\u3000ふぁりんとんのことを話しているときは、少しだけ寂しそうな顔をするせりあ。\n', '\u3000とはいえ、せりあは「でにすと一緒にふぁりんとんに行っている」ことになっている。でにすが出発して既に数日経過しているので、事を慎重に運ばないと館の者たちに怪しまれてしまう。\n', '\u3000そういうわけでせりあはぱうろ――ふぁりんとんへの旅に同行する使用人役だ――を伴い、館に一旦戻ることにしたのだった。\n', '「本当にせりあだ――おまえ、でにすと一緒にふぁりんとんに行ったんじゃなかったのか？」\n', '「でにすは途中で立ち寄る場所があったらしくて、まだゔぇすて地方にいるわ。楽器を回収したらでにすを追いかけて、一緒にふぁりんとんに行く予定よ」\n', '\u3000彼はふぁりんとん風の名であるぽーると名乗ることにやや抵抗していたが、鋭い者ならばぱうろがぐろすはいむの名であることに気づかれてしまうのだ。\n', '\u3000そうして王都に向かうまでに、ぐろすはいむ軍は数度ふぁりんとん軍と交戦した。だがどれも敵の敗走によって戦いは終わり、でぃーとりひが剣を振るう機会はほとんどなかった。\n', '「先ほど捕らえたふぁりんとん軍の者によると、やはり今のふぁりんとんは、聖奏師に頼りきりになっているそうだ」\n', '「先ほど捕らえたふぁりんとん軍の者によると、やはり今のふぁりんとんは、聖奏師に頼りきりになっているそうだ」\n', '「君と合流してからここまで、我々は四回ふぁりんとん軍を迎え撃った。でも、国境戦ほどの手応えすらなかったんだ」\n', '\u3000ふぁりんとん軍は、せりあを失ったことで瓦解した。\n', '\u3000ここ二年ですっかり弱体化したふぁりんとん軍は、もはや戦う意志も見せていないのだった。\n', '\u3000そうして気に掛かったのが、ぐろすはいむ王国の国旗を掲げて堂々と進軍するでぃーとりひたちを前にしたふぁりんとん国民の反応である。\n', '「私は、でぃーとりひがえるゔぃすを討った後はふぁりんとん全土も治めるつもりだ」\n', '「……昔は、ふぁりんとん全土を焼け野原にするつもりでしたね」\n', '「……君がふぁりんとんに潜入して二年後くらいだったかな。『王侯貴族はともかく、無辜の国民は助けてはどうか』と私に進言するようになったんだよね。筆頭聖奏師を逃がしたのも、彼女を戦争に巻き込みたくなかったからだろう？」\n', '\u3000家族を惨殺された直後は、ふぁりんとんへの復讐に盲目になっていた。だがひとたびふぁりんとん国へ冷静な眼差しを向けると、そこには戦争も侵略も関係なく、毎日平和な生活を送ることに幸福を感じている人たちがいることに気づいた。そしてせりあはあの糞公爵の姪ではあるが、彼女自身にはなんの罪もないことに、ようやく気づいたのだ。\n', '\u3000家族を惨殺された直後は、ふぁりんとんへの復讐に盲目になっていた。だがひとたびふぁりんとん国へ冷静な眼差しを向けると、そこには戦争も侵略も関係なく、毎日平和な生活を送ることに幸福を感じている人たちがいることに気づいた。そしてせりあはあの糞公爵の姪ではあるが、彼女自身にはなんの罪もないことに、ようやく気づいたのだ。\n', '\u3000そんなせりあを放逐しても、ふぁりんとんにとって損にはならない。\n', '「何を言うか。事実、君の提案した作戦によってぐろすはいむ軍もふぁりんとん国民も被害は最小限に抑えられている。ゔぇすて地方に寄ったというのも――今まで十年間、君に酷な仕事をさせてきた報酬と思ってくれればいい。……最後に会いたかったのだろう？」\n', '\u3000緑豊かな王国、ふぁりんとん。\n', '\u3000伝承では、太古に邪神と戦いを繰り広げた大地の精霊たちが祝福を与えた国――それがふぁりんとん王国であるとされている。\n', '\u3000大陸にあまた存在する大小様々な国家の中でも、ふぁりんとんは自然だけでなく、精霊の力にも恵まれている。\n', '\u3000ふぁりんとんの人々は豊かな自然と精霊の加護、聡明な国王、そして――「｜聖奏師《せいそうし》」たちによって、永き平安の時を過ごしている――そう信じられていた。\n', '\u3000ふぁりんとん王国の象徴でもある白亜の王城、るしあんな城。\n', '「知ってる？\u3000君の実家らんずべりー公爵家はね、十年前のぐろすはいむ侵略戦争にも積極的に支援したんだ。僕の両親やきょうだいを殺したのは、君の――従兄だったかな。生き残っていた使用人が、そいつが落としたかふすぼたんを持っていてね。調べたらそこに彫られている家紋がふぁりんとん王国らんずべりー公爵家のものだってすぐに分かったよ」\n', '\u3000当時のことを武勇伝として語る彼によると、「ふぁりんとんに反駁する貴族を殲滅した」そうだ。おかげでらんずべりー公爵家は、国王に即位したえるゔぃすからいっそうの信頼を寄せられるようになった。その従兄は数年前に病死したが、戦争時のことを鼻高々に語る従兄の顔が今でも鮮明に思い出される。\n', '「そう。両親も、姉も、まだ小さかった弟も全員殺されたよ。僕が急いで屋敷に戻ったときには、全員首と胴体が切り離されていた。……僕はふぁりんとん王国への復讐を誓った。何があっても、絶対にふぁりんとんを許さない。美しきぐろすはいむを蹂躙し、無抵抗の民を虐殺し、国民の助命を嘆願した陛下たちの首を刎ねたこと――絶対に、許さない。ふぁりんとんの人間なんて、大嫌いだ。皆、苦しみながら死ねばいい」\n', '「そう。両親も、姉も、まだ小さかった弟も全員殺されたよ。僕が急いで屋敷に戻ったときには、全員首と胴体が切り離されていた。……僕はふぁりんとん王国への復讐を誓った。何があっても、絶対にふぁりんとんを許さない。美しきぐろすはいむを蹂躙し、無抵抗の民を虐殺し、国民の助命を嘆願した陛下たちの首を刎ねたこと――絶対に、許さない。ふぁりんとんの人間なんて、大嫌いだ。皆、苦しみながら死ねばいい」\n', '「そう。両親も、姉も、まだ小さかった弟も全員殺されたよ。僕が急いで屋敷に戻ったときには、全員首と胴体が切り離されていた。……僕はふぁりんとん王国への復讐を誓った。何があっても、絶対にふぁりんとんを許さない。美しきぐろすはいむを蹂躙し、無抵抗の民を虐殺し、国民の助命を嘆願した陛下たちの首を刎ねたこと――絶対に、許さない。ふぁりんとんの人間なんて、大嫌いだ。皆、苦しみながら死ねばいい」\n', '「それに君はえるゔぃすの周りをちょろちょろしていて、鬱陶しくて鬱陶しくてたまらなかったんだ。今のふぁりんとんの様子を見れば分かるだろう？\u3000えるゔぃすは、政治的手腕なんて持っていない。無抵抗の人間を虐殺し、あまつさえ呪術に手を染める外道だよ」\n', '「本当さ。どうしてあいつがぐろすはいむ王族のうち、末王子だけ生かしたか知っている？\u3000あいつは、今後ぐろすはいむがふぁりんとんに逆らえないよう、『印』を残したんだ」\n', '「えるゔぃすは自分の無能っぷりを分かっていなかったみたいだけどね。身分があり、頭もよく、筆頭聖奏師として立ち回っている君がいてあれこれ口を出していたからこそ、あいつはまともにやっていけた。……だから、ふぁりんとんを滅ぼそうと考えている僕にとっては、君は邪魔でしかなかったんだ」\n', '\u3000でにすは、祖国を滅ぼし家族を惨殺したふぁりんとん王国を憎んでいる。\n', '\u3000それは、ふぁりんとんの民でありらんずべりー公爵の姪であるせりあも同じ。\n', '\u3000せりあが筆頭のままだったら、ふぁりんとんに隙が生まれないから。\n', '「確かにここはふぁりんとん国外で、あっちの情報もなかなか入ってこないわ。でも、情報が届くのに時間が掛かるだけであって情報網が遮断されているわけじゃない。それに、人づてで届いた情報はどうしても内容に綻びが生じたり尾ひれが付いたりするものよ。そんな嘘か誠か分からない情報を後々に耳にするくらいなら、今あなたの口から正確な現状を聞いておきたいの」\n', '\u3000ゔぇすて地方ぐりんひるからふぁりんとん王国王都るしあんなまで、馬を駆って二十日ほど。王都内であれば郵便機関も発達しているが、ぐりんひるのような田舎だと手紙を届けるのも一苦労だ。\n', '「もうでにすはふぁりんとんに戻っちゃうのね」\n', '「つ、着いていくって……ふぁりんとんに？」\n', '\u3000えいみーはせりあの過去を知らない。せりあがふぁりんとん出身であることも、元筆頭聖奏師であることも、王都に戻れるような立場ではないことも。\n', '\u3000でぃーとりひの号令で、ぐろすはいむ軍は大通りから一本はずれた道を疾走する。十字路の先で待ちかまえていたふぁりんとん軍の驚き戸惑った様子がちらりと見えた。\n', '「これも、ふぁりんとん軍の仕業ですか！？」\n', '\u3000全力で疾駆してきたためふぁりんとん兵を撒いたと思ったのだが、後方から迫ってくる姿が見えた。このままでは炎上網とふぁりんとん軍に挟み撃ちにされる。\n', '\u3000全力で疾駆してきたためふぁりんとん兵を撒いたと思ったのだが、後方から迫ってくる姿が見えた。このままでは炎上網とふぁりんとん軍に挟み撃ちにされる。\n', '「……この炎は、おそらく呪術だ。邪神の炎を消す方法は、我々にはない。……衝突は回避したかったが、仕方ない。ふぁりんとん軍を迎え討――」\n', '\u3000甘く優しい旋律が空を震わせ、得体の知れぬ炎に戸惑っていたぐろすはいむ軍を困惑させ、近くまで迫って聞いていたふぁりんとん軍を驚愕させる。\n', '「まさか、聖奏師はふぁりんとん軍所属だろう！？」\n', '「……ぐろすはいむ軍よ、ふぁりんとん軍を掃討しつつ、王城へ！\u3000聖奏師の女性たちを全員保護しろ！」\n', '\u3000まず、三分の一の部隊がその場に止まってふぁりんとん軍に向き直る。ふぁりんとん軍も、聖奏師立ちが裏切ったことに気づいたようだ。「裏切り者め！」「聖奏師も殺せ！」と怒鳴っている。\n', '\u3000まず、三分の一の部隊がその場に止まってふぁりんとん軍に向き直る。ふぁりんとん軍も、聖奏師立ちが裏切ったことに気づいたようだ。「裏切り者め！」「聖奏師も殺せ！」と怒鳴っている。\n', '\u3000背後でぐろすはいむ軍とふぁりんとん軍が衝突している音を耳にしつつ、でぃーとりひは聖奏師たちの前で馬を止めた。\n', '「……あなたたちは国を裏切ったことになる。このままここにいては、ふぁりんとん軍に始末されるだけだ。決して手荒なことはしないと約束するので、我々に同行してほしい」\n', '\u3000聖奏師たちは迷っているようだ。だがこうしている間にも、ふぁりんとん軍を迎え撃っている自軍の消耗は激しくなる。\n', '「へー、おまえふぁりんとんの騎士様なのか」\n', '\u3000精霊の力に頼りきれば、人は弱くなる。今は他国ともなんとか渡り合っているふぁりんとんも、隙が生まれれば他国からの侵略を受けてしまうかもしれない。\n', '\u3000先ほどでにすと男の会話に出てきた、「ふぁりんとんなんて敵ではない」「えるゔぃす王の首を取る」「亡き陛下方の敵を取る」「十年長かった」という言葉。\n', '\u3000ふぁりんとんとぐろすはいむは長らく戦争を続けており、打倒ぐろすはいむはふぁりんとんの永年の悲願であった。せりあも、「ぐろすはいむは滅びるべくして滅びたのだ」と教わってきた。\n', '\u3000ふぁりんとんとぐろすはいむは長らく戦争を続けており、打倒ぐろすはいむはふぁりんとんの永年の悲願であった。せりあも、「ぐろすはいむは滅びるべくして滅びたのだ」と教わってきた。\n', '「そうそう、ちゃんと言えたね。で、こっちにいる皆は僕の信頼する部下たち。正確に言うと、ぐろすはいむの騎士だ。皆、十年前に祖国を滅ぼしたふぁりんとんが憎くて憎くて仕方がないんだよ」\n', '「……じゃ、教えてあげる。僕たちはね、ずっとずっと祖国奪還の機会を狙っていたんだよ。十年間、あの糞野郎のもとで媚びへつらい、ふぁりんとんの腐った貴族どもにごまをする日々――今思い出しただけでもおぞましい」\n', '「時は満ちた。僕たちはこれからふぁりんとん王都へ向けて進軍し、えるゔぃすの首を刎ねる。そのためだけに十年間、平民としてふぁりんとんで立ち回ってきたんだよ。知ってた？」\n', '「時は満ちた。僕たちはこれからふぁりんとん王都へ向けて進軍し、えるゔぃすの首を刎ねる。そのためだけに十年間、平民としてふぁりんとんで立ち回ってきたんだよ。知ってた？」\n', '\u3000ふぁりんとん王国国王えるゔぃすは、ぐろすはいむの元貴族でぃーとりひによって討ち取られた。\n', '\u3000君主とそれに付き従っていた筆頭聖奏師が戦死したことによりふぁりんとん王国軍は戦う意味を失い、ぐろすはいむ軍に投降した。\n', '\u3000また、元ふぁりんとん王国領の統治もこんらーとが担うことになった。\n', '\u3000他国家からは「ふぁりんとん国土を分割して近隣諸国で統治すべきだ」という意見も挙がったのだが、ふぁりんとん国民からの猛反対にあったため却下されたのだと言われている。\n', '\u3000他国家からは「ふぁりんとん国土を分割して近隣諸国で統治すべきだ」という意見も挙がったのだが、ふぁりんとん国民からの猛反対にあったため却下されたのだと言われている。\n', '\u3000ふぁりんとん領は荒れ果てており、民の貧困だけでなく、戦争前に逃亡した貴族や将軍たちの始末など、解決すべき課題はたくさんある。\n', '\u3000ちなみに、「ふぁりんとん領の統治は、でぃーとりひに任せてはどうか」という意見も出た。これには国民も大賛成だったのだが、でぃーとりひ本人が固辞した。\n', '\u3000でぃーとりひは集まった国民たちを前に「国が生まれ変わるきっかけを与えてくれたのは自分ではなく、せりあだ」と告げ、また己がふぁりんとん陥落のために犯した罪を打ち明けた。\n', '\u3000ふぁりんとん領にはこんらーと王が信頼する官僚や将軍たちが派遣され、生き残った聖奏師たちの協力を得ながら統治してゆくこととなる。\n', '\u3000ふぁりんとん王国の滅亡から、約一年。\n', '「……ふぁりんとんは十年前、｜ぐろすはいむ《うち》を襲撃しただろう？\u3000そして、国王陛下や王妃様、王太子殿下や王女様たちを見せしめのように惨殺した。当時のおれはちびだったから覚えてないけれど、当時の悲劇が蘇ってきて｜魘《うな》される人も多いんだって」\n', '「……ああ、でぃーとりひ様が言ったんだね。その呪いで、ぐろすはいむが絶対にふぁりんとんに逆らえないようにさせられたんだよ」\n', '\u3000呪術がどういうものなのかまで詳細に記している書物は一般には出回っていない。だが、ふぁりんとん王国の筆頭聖奏師だけが閲覧できる聖奏の禁書と同じように、呪術について書かれた禁書もまた、王城に存在するのだ。\n', '\u3000心臓の動きを止めたり寿命を早めたりといった効果のある呪術も存在する。だが、えるゔぃすは王子に施した呪術により「ぐろすはいむが絶対にふぁりんとんに逆らえないように」したという。\n', '（王子が今も生きているのであれば、時限式のものかしら。……でも、それならこんらーと王子が死亡した後も、ぐろすはいむを抑圧できるとは限らないし、時限式にする理由がない。それくらいなら、王子を生かして人質状態にした方がいい。普通、呪術は術者が死亡すれば効果が消えるけれど、ぐろすはいむの刺客がふぁりんとんに忍び込むことはなかった――）\n', '\u3000だからこそ、ふぁりんとんは十年間ぐろすはいむを抑圧できたのではないか。\n', '「――えるゔぃす様が何らかの理由で死ねば、こんらーと王子も死亡する。……だからぐろすはいむはふぁりんとんに逆らえなかったのでしょう？\u3000刺客を送り込んでえるゔぃす様を殺害しても、ぐろすはいむ王家唯一の生き残りであるこんらーと王子を救うことはできない。国民がこんらーと王子の助命を願う限りは、えるゔぃす様を討つことができない――そうじゃない？」\n', '「でぃーとりひ様はこんらーと様と一緒に先に王都に向かっているけれど、あっちはおれたちと違ってふぁりんとん兵と戦いながらの進軍になる。王都に着く頃にはほぼ足並みが揃うはずだ」\n', '「こんらーと王子は、戦争が終わったらふぁりんとんの面倒も見てくれるんだろう？」\n', '「こんらーと様たちは、えるゔぃす王を討った後はふぁりんとんの統治権を手に入れるつもりだと宣言されたようだ。もちろん各国の承認も必要だろうが、ふぁりんとんの国民が熱烈に歓待しているのならば、首脳たちもこんらーと様がぐろすはいむだけでなくふぁりんとんも統治することに頷かざるを得ないだろう」\n', '「こんらーと様たちは、えるゔぃす王を討った後はふぁりんとんの統治権を手に入れるつもりだと宣言されたようだ。もちろん各国の承認も必要だろうが、ふぁりんとんの国民が熱烈に歓待しているのならば、首脳たちもこんらーと様がぐろすはいむだけでなくふぁりんとんも統治することに頷かざるを得ないだろう」\n', '「こんらーと様たちは、えるゔぃす王を討った後はふぁりんとんの統治権を手に入れるつもりだと宣言されたようだ。もちろん各国の承認も必要だろうが、ふぁりんとんの国民が熱烈に歓待しているのならば、首脳たちもこんらーと様がぐろすはいむだけでなくふぁりんとんも統治することに頷かざるを得ないだろう」\n', '\u3000ふぁりんとん王国は、荒れている。\n', '「先ほど町人から聞いた。ふぁりんとん軍とぐろすはいむ軍はこの近辺でも衝突したのだが、一度ぐろすはいむ軍が優勢に立つと、ふぁりんとん軍はさっさと逃げてしまったのだという」\n', '「先ほど町人から聞いた。ふぁりんとん軍とぐろすはいむ軍はこの近辺でも衝突したのだが、一度ぐろすはいむ軍が優勢に立つと、ふぁりんとん軍はさっさと逃げてしまったのだという」\n', '\u3000ふぁりんとん王国西、湖畔地域出身の一般市民。\n', '\u3000ふぁりんとん王国では、女児が誕生すると各地方領主の屋敷に参上し、聖奏師の資格があるかどうかを検査することになっている。公爵家令嬢であるせりあも王都の機関で検査を受け、らんずべりー公爵家に恥じない数値を叩き出した、と叔父から言われている。\n', '\u3000青年――ふぁりんとん王国の若き国王であるえるゔぃすは、慣れない手つきで茶を淹れるせりあの背中をじっと見ているようだ。こうして背中を向けて湯を沸かしている間も、彼の熱い視線を感じる。おいしく淹れようと心懸けるどころか、手元が狂って茶器を破壊しないように気を付けるだけで精一杯だ。\n', '\u3000えるゔぃすは元々第三王子だったが、八年ほど前に隣国ぐろすはいむ王国を陥落させたという武勲を立てたことで、兄王子たちを押しのけて王太子になった。以降ぐろすはいむがふぁりんとんに従属しているのは、えるゔぃすの力あってのものだと言われている。\n', '\u3000現らんずべりー公爵の姪であるせりあは、一族の期待を一身に背負って今、ふぁりんとん王国の筆頭聖奏師の地位に就いているのだ。\n']","['「わ、私は後で自分で掃除するからいいの！」\n', '「じゃああたしも掃除するから泡飛ばすー！」\n', '「戦後厚遇するから、ぐろすはいむ軍に協力してほしいということなのね」\n']",['\u3000だが、最初の頃こそ「近寄るな平民！」「わたくしにたてつくつもり！？」と喚いてた少女はやがて、態度を和らげ、無理矢理貼り付けていたかのような「お嬢様」の仮面を外し、年頃の少女の顔を見せてくれるようになった。\n'],"['\u3000そんな少女は、「約束」に異様なほどこだわっている。どうやら彼女は最後に母親と「ここで待っていなさい。明日には帰ってくるからね」という「約束」をしてぐりんひるの館に置いていかれたそうだ。当然、何日経っても母親は帰ってこなかった。\n', '「でもね、全部失ってからやっと分かったの。私はそれまで、本当に狭い世界しか見ていなかった。ふぁりんとん王国全体を見通しているつもりになっていたけれど、実際私が見ていたのは｜王都《るしあんな》という限られた一部のみ。一歩城下町の外に出ると、国民たちは重税に悩まされ、いつ侵略してくるから分からない他国の脅威に怯え、飢饉を恐れていた。王都がきらきら輝いていたのは、私たちが何不自由なく生活できていたのは、彼らからいろいろなものを搾取していたからなのだと――生まれて十七年目にしてやっと気づけたの」\n', '\u3000彼が「覚悟があるの？」と問うてくるからには、彼が抱える事情はせりあにとってしょっくが大きいものになるのだろう。\n']",['「う、うん。すごくおいしいわ」\n'],['\u3000自分の持ち場に移動しようときびすを返しかけたせりあは、背後から聞こえてきた声にぴくっと身を震わせた。\n'],"['\u3000噛みしめた歯が軋んだ音を立て、でぃーとりひは振り返る。\n', '\u3000そして残りの者たちはでぃーとりひに続いて、焦土と化した道を駆ける。途中、焼け焦げた家屋だけでなく犠牲になった者たちの遺骸も見え、でぃーとりひは唇を噛みしめた。\n']",['「……やはりあなたたちは、二人揃っているのがしっくりきますね。これから先も館で過ごしていいのですが……もし二人の考える未来が別の場所にあるのならば、その時は遠慮なく申し出なさいね」\n'],['「でにすとの出逢いも、みゅりえるに負けたことも、まったくの無駄じゃない。あなたと知り合ったから、みゅりえるに負けて国を出たから、分かったこともたくさんあるわ。それにもしでにすと出会ってなかったら、私はみゅりえるに負けたときに途方に暮れて生きることすら諦め、早々に行き倒れていたでしょうね」\n'],['「……ごめんなさい。その、ここに来る前のことがちょっと絡んでいて」\n'],['「せりあちゃんが、昨日来たばかりのおまえにあんなに構っているんだ。実は恋人だったりするんじゃないのか？」\n'],"['「私が間違っているのなら、そもそも二年前に勝ったりはしなかったはず。えるゔぃす様も、私のことを高く評価してくれたし……ああ、そうそう、あなたってえるゔぃす様のことが好きだったんですって？\u3000かわいそうに、えるゔぃす様は、あなたのことはちょっとからかっただけって言われていたわ。今はね、私が手柄を立てたらお妃様にしてくれるって言ってくれているのよ！」\n', '\u3000思いっきり飛び込んだつもりなのに、でにすの体はびくともしなかった。少しぐらいぐらつくかもしれないと思ったので、なんだかおもしろくない。\n', '「そう。二年前のせりあなら、いくら僕が君の話を聞かなくて勘違いして立ち去ろうとしていても、首根っこをひっ掴んだり叱り飛ばしたりはしなかっただろう？」\n', '\u3000先ほどはでにすが勝手に解釈をして勝手に去っていこうとするものだから、ついつい子どもたちに注意をするときのような気持ちで声を上げてしまったのだ。確かに、昔のせりあなら同じ年頃の男性に対してあのように声を上げたりはしなかっただろう。\n', '「吟遊詩人の方を恨むつもりはないわ。彼は歌を広めるのが仕事なのだし、聞いた話を悪い方に創作したりはしなかったもの」\n', '\u3000そして、過去にでにすが相談しに行ったという元筆頭聖奏師が、なぜこの曲を提案しなかったのか。\n', '\u3000館では、ぼでぃの手入れしかしなかった。\n', '「二年前から言っているだろう？\u3000僕はあの勝負が公正でないと信じている。君に勝たれたら困る――もしくはみゅりえるを勝たせたかった者が、不正に手を染めたに違いない。だから、君があの日敗北したのは君にとっては予想だにしなかった『事故』だ」\n', '「油の臭いもしなかったのに、これほどまで燃えるものですか……？」\n', '\u3000その元筆頭聖奏師が禁書の聖奏を提案しなかった――もしくは提案しても彼女には実行することができなかったのには、別の理由がある。\n', '\u3000聖奏にも難易度があり、難しいものだと駆け出しや力の弱い聖奏師では効果が弱かったり、そもそも効果を発揮しなかったりということがざらにある。\n']","['\u3000死を覚悟していたでにすの元に駆けつけてくれたこと、身を｜擲《なげう》ってでもでにすを生かしてくれたことに感謝したい。\n', '\u3000図星なのだろう、えるゔぃすが不快そうに眉根を寄せてでにすを睨みつけてくる。\n', '\u3000騎士たちは射殺さんばかりの目でせりあを睨みつけてくるが、手を出すつもりはないようだ。\n']",['「ありよ、大あり。にぎやかでみんな仲良しであってこそぐりんひるの館なんだから」\n'],"['「……正直、まだあまりすっきりしない」\n', '\u3000すっきりしない思いで横になっていると、どれほど時間が経過しているのかもよく分からなくなった。\n']",['「そうだね……確かにどれも可愛らしくてせりあに似合いそうだけど、今日の君は花柄のすかーとだし、これが落ち着いた色合いでいいんじゃないかな」\n'],"['\u3000そんなでにすは、せりあの性格もよく知っている。だから、騎士団などで流れている噂が真実ではないと分かってくれているのだ。\n', '\u3000なにせ、自分たちの傷を癒してくれる聖奏師さえ、敵軍の手に落ちるくらいならとためらいなく殺す連中だ。ぐろすはいむ軍に投降しようとする国民がいれば、容赦なく斬りかかってくるだろう。\n', '\u3000でにすなら分かってくれる。\n', '（でも、分かってくれる人がいるから、大丈夫）\n']","['「……それもそうね。でもそんな私のことをよく分かっているあなただから、側にいてほしいのよ」\n', '「ふふ、それもそうね。それじゃあみすてりあすで格好いいでにす、これからもよろしく」\n']","['「ぺねろぺたちの死は、私たちにとっても痛恨の極みでした。しかし、私たちにとってはあなたの元で学び、成長できたことが何よりも幸せです。……どうか、せりあ様のなすべきことをなさってください。私たち、せりあ様のことが大好きですから」\n', '「ええ、いってらっしゃい。あなたの行くべき場所で、あなたのすべきことをしてきなさい、せりあ」\n', '\u3000ならば、でにすがすべきことは。\n']",['「僕が有給を取って王都を出発したのが｜二月《ふたつき》ほど前。その頃はそんな噂はなかったから、僕が出てから広まったんだろう。……彼が歌った内容は、住民から聞いた噂話ほぼそのままらしい。彼は追放されたのが聖奏師だってのも知っていたけれど、歌う際に分かりやすく、しかも感情移入しやすくするように『聖奏師』関連の単語を省略して『お姫様』って表現したそうだ」\n'],['「僕はこれから、倉庫の修理に行くんだ。大工仕事をするのも初めてだけど、なんだかわくわくするんだ」\n'],['\u3000えるゔぃすからは確かに愛されていたと思う。まだ公にできない関係だった上、当時のせりあは筆頭という立場だった。周りが落ち着くまではと、彼とのすきんしっぷは口づけまでだった。\n'],"['\u3000しばらくするとやっと馬は落ち着いてくれた。\n', '\u3000それでも多くの国民はこんらーと王の温情に感謝し、反発していた者もしばらくすれば王の意向に従うようになった。\n']",['\u3000それなのに、でにすからさらりと「好きだな」と言われると、心臓がばくんと派手に脈打った。\n'],['「こちらこそ、一緒にお出かけできて嬉しいわ」\n'],"['「――ええ、きっと私は、あなたへの未練たっぷりのまま生きていたわ」\n', '\u3000せりあは自信たっぷりに答え、まざーの隣の椅子に座った。ですくには手書きの領収書や契約書が積まれている。日付も品目もばらばらだなので、まずは仕分け作業からするべきだろう。\n']",['\u3000せりあが体を起こしていることに気づいた子どもたちが、怪鳥のような絶叫を上げながら全速力でこちらに駆けてきていた。\n'],['「そりゃあ残念だ……せりあちゃん、若くて美人だからあっちやこっちから熱い目で見られているもんでね。いい人が見つかればいいのにと思ってたのさ」\n'],['\u3000まるで「明日は晴れるの？」と言わんばかりの口調に、せりあは眉根を寄せた。\n'],['（でも、朝になってからだとばたばたするかもしれない）\n'],['\u3000両親を喪っており、公爵家からは駒として扱われており、城の人間からは疎まれている彼女に、居場所を与える。「たったひとつの愛」を餌としてちらつかせ、十七歳の少女の心を釣り上げた。\n'],['\u3000それまで落ち着いた態度だったせりあが急に声を荒らげたからか、ぱうろはもちろん騎士たちもぎょっとしてせりあを凝視してくる。\n'],"['\u3000死ぬのは御免被りたいが、でにすの立場からするとせりあをさっさと始末した方が後の憂いがなくてよいような気がするのだが。\n', '\u3000せりあは自信たっぷりに答え、まざーの隣の椅子に座った。ですくには手書きの領収書や契約書が積まれている。日付も品目もばらばらだなので、まずは仕分け作業からするべきだろう。\n']",['「そう言うえいみー姉ちゃんもびしゃびしゃにしてるー」\n'],['「傭兵たちはともかく、勘のいい女の子は気づいているかも。あと、まざーもそんなことを言っていたわね」\n'],"['\u3000だが、失ったからこそ手に入れられたものもある。\n', '\u3000二年間、少しでも自分のことを想ってくれていたら、という未練があった。だからこそ、みゅりえるとの恋が歌になっていると知ってしょっくを受けた。\n', '\u3000吟遊詩人の細くて節くれ立った指先が、旋律を奏でる。同じ竪琴奏者でも弾き方はだいぶ違うものだ。この吟遊詩人の場合、せりあよりも力強く、時々爪の先が弦に触れて掠れた音を立てている。だがどうやらそれも計算のうちのようで、せりあは放浪の男性だからこそ演出できる、力強くやや野性的な音色に意識を集中させていた。\n', '「……内情を知っているからこそ、分かることだね」\n', '「ぐろすはいむで君と共に過ごした十年間、そして君がふぁりんとんで過ごしていた十年間。君がいてくれたからこそ、私たちはここまでやってこられた」\n', '\u3000ぐりんひるの住人は、せりあたちを傷つけたくて冷やかしてくるわけではない。せりあと皆との間に確実な信頼関係があるからこそできるやり取りだ。\n', '「わたくしは盲目ですが、だからこそ普通の人には見えないものが見えるのですよ。……初めてでにすが館に来たときに気づいたのです。彼は、あなたを心から必要としています」\n', '「えるゔぃすは自分の無能っぷりを分かっていなかったみたいだけどね。身分があり、頭もよく、筆頭聖奏師として立ち回っている君がいてあれこれ口を出していたからこそ、あいつはまともにやっていけた。……だから、ふぁりんとんを滅ぼそうと考えている僕にとっては、君は邪魔でしかなかったんだ」\n', '「であるからこそ、ここで決めてみせよ。そなたが勝てば、みゅりえる・ばーんびーもそなたに従うだろう。逆にみゅりえる・ばーんびーが勝てば、そなたには筆頭としての能力がなかったということになる。皆の前で白黒つけることで、今後そなたが城内で活躍しやすくもなるのではないか？」\n', '\u3000だからこそ、ふぁりんとんは十年間ぐろすはいむを抑圧できたのではないか。\n', '\u3000彼の統治がうまくいっていたのは、せりあを始めとした周りの者たちがいたからこそだと。\n']","['「もちろん断ったけどね。そうしたらみるみる間に地位を落とされてしまった。昔は平民出でもそこそこ重宝されていたんだけど、いつの間にか落ちてしまっていたんだ。やっぱり、教団の勧誘を断ったのがまずかったかなぁ」\n', '\u3000えいみーはそれ以上追求せず、「よっしゃー！」と雄叫びを上げながら桶に飛び込んだ。彼女以外の「踏み洗い係」の女性や子どもたちも、元気よく桶に足を踏み入れる。今日はからりと晴れており気温もそこそこ高いので、踏み洗いは体を適度に冷やす効果もあるのだ。\n']",['\u3000ぐりんひるの子どもたちはお出かけが大好きなので、今日の散歩を昨日からずっと楽しみにしていた。中には楽しみすぎて夜眠れなくなり、今もちょっと眠そうな子がいるくらいらしい。\n'],"['「これ以上ここにいてはいけないと思って、私たちはあの子たちを逃がしたんです。でもそれをみゅりえる様に知られたらすごく叱られて、叩かれて――ますます私たちへの待遇は悪くなりました。あれこれ用件を引き受けるのはみゅりえる様でも、実際に活動するのは私たちです。最後には、みゅりえる様は聖奏師団に寄らずに陛下のお部屋にばかり行っていました」\n', '「国王に……腹が立って。その、君の思い人があいつ――いや、国王だと聞いたらすごい腹が立って、ふざけんなって思いながら特訓したら、丸太が粉々になっていたんだ」\n']",['\u3000手のひらで触れた壁はびっくりするほど冷たい――いや、冷たく感じるほど、せりあの体は火照っていた。\n'],['\u3000もうでぃーとりひとの関係が美しいものでいられないのならばいっそのこと、とことんまで黒く塗りつぶしてしまえばいい。せりあの中で、でぃーとりひは「最低最悪の糞男」になってしまえばいい。\n'],"['\u3000仲間が来たらしく、せりあはずるずると引っ張られていく。その時にばっちりと視線がぶつかった。\n', '\u3000しゃつの袖をまくって二の腕を露わにしている彼は、せりあと視線がぶつかると小首を傾げて微笑み、頷いた。\n', '\u3000先に男が入り、続いてでにすも入室する。その時せりあとでにすの視線がぶつかったが、彼はさめた眼差しでせりあを一瞥するだけで、さっさと奥に進んでしまった。\n']","['\u3000子どもたちからの熱烈な歓迎を受けた後、すぐに皆に報告しようということで、散歩は中断して館に戻ることになった。\n', '\u3000館を出てからここに来るまで、せりあが見ていたのは子どもたちか、風景か、でにすだった。\n', '\u3000昨日麓町で再会したとき、でにすは買い物に連れてきていた少年を肩車してあげたのだ。どうやら館に戻った彼が皆にそのことを自慢したらしく、でにすは他の子どもたちからも自分も乗せてくれと詰め寄られていたのだ。\n']",['「えっ、じゃないの！\u3000勝手に早とちりをして立ち去ろうとしないで！\u3000せっかく……久しぶりに会えたんだから、もっと話を……させてよ」\n'],['\u3000だがたどたどしいせりあの言い訳に、えいみーがくわっと目を見開いた。\n'],['\u3000現に、たどたどしいながらも彼女が聖奏した結果、新人とは思えないほどの効果を発揮したのだ。\n'],['\u3000そう言い、二人は顔を見合わせてくすくす笑いだした。\n'],['「楽しかったよ。傭兵の皆は見た目こそごついけど気さくでいい人たちばかりだったし、子どもたちも早速『でにす兄ちゃん』って呼んでくれて、可愛かった」\n'],"['\u3000せりあの部屋のべっどは、どちらの向きに寝ても顔に朝日が差し込んでくることはないのに。\n', '\u3000だがそれ以降も図書館で勉強をしていると、たびたびでにすが現れるようになった。最初は彼を突っぱねていたせりあも、いつしか裏のない彼の明るさに絆され、相手をするようになった。その図書館は学校に通う子どもたちが平等に利用できるために存在していたので、公爵家の護衛などが入ってくることも、誰かに叱られることも咎められることもなかったのだ。\n']",['\u3000青年――ふぁりんとん王国の若き国王であるえるゔぃすは、慣れない手つきで茶を淹れるせりあの背中をじっと見ているようだ。こうして背中を向けて湯を沸かしている間も、彼の熱い視線を感じる。おいしく淹れようと心懸けるどころか、手元が狂って茶器を破壊しないように気を付けるだけで精一杯だ。\n'],['\u3000ふぃりぱたちからじょなさんの話を聞いたときも、先ほど彼と話をしたときも、何とも思わなかった。\n'],['\u3000上着を着たせりあは階段の中程で振り返り、手すりの陰からこちらを見てくる女友達を軽く睨みつける。\n'],"['\u3000出会った頃はひょろひょろの少年だったでにすの胸は今、制服越しにでもよく分かるしっかりとした筋肉を備えていた。\n', '\u3000静寂、という言葉とは無縁の食堂に、せりあは足を踏み入れた。小脇に抱えた竪琴をしっかり握り、ざわつく食堂を見回してすうっと息を吸う。\n', '\u3000歌の内容はともかく、彼の演奏をしっかり観察して自分の演奏に還元できるようにするというのが目的なのである。\n', '「せりあはしっかりしてるようで分かってないからねぇ、襲われたらどうすんのよ」\n', '\u3000ふぃりぱたちに諭されたことでようやく、彼女らの言う「襲う」が「金品を奪い取る」の意味でないことを知った。「しっかりしているようで分かっていない」とはまさにこのことなのだろう。\n', '\u3000せりあはしっかりと頷いた。今でも、その譜面を正確に思い出すことができる。\n', '「はい、歯はちゃんと磨いた？\u3000うがいもしっかりするのよ」\n', '「ええ、約束ね。それじゃあ、約束通りにできるようにまりーはしっかり寝ましょう。いいね？」\n', '「せりあはしっかりしてそうなのに抜けてるからね、変な男に拐かされそうで心配なのよ！」\n', '（しっかり育てよう）\n', '\u3000せりあは顔を上げ、どこにいるか分からない声の主に向かってしっかり頷いてみせた。\n', '「そうそう。大人の男は他にもいるし、傭兵の皆は僕よりも体つきがしっかりしているからそっちでもいいじゃないかって言ったら、『ごつくてかたいから、いやだ。でにす兄ちゃんがいい』って言われてさ」\n', '\u3000心の中で大地の精霊に呼びかけながら｜空《くう》を撫でていると、間もなく光り輝く十八本の弦がしっかりと張られたのだ。\n', '「なるほどねぇ。だからお姉さん、細い割に脚の筋肉はしっかりしてるんだ」\n', '\u3000せりあは屈強な男たちにしっかり頷きかけ、ぱうろを連れて館の正面玄関に向かった。\n', '\u3000泣いた後しっかり寝たし、朝起きた後は顔がはれぼったくなっていないか確認した。\n', '「子どもの頃から親しくしていた女の子がふられたんだよ。そりゃあ腹も立つって。君はしっかり者だけど一応僕よりも年下だから、なんというか……妹を弄んだ男を恨む兄の心情っていうのかな？」\n', '\u3000東門から王城へのるーとは頭の中にしっかり叩き込まれている。\n', '\u3000せりあはようやっと微笑み、しっかりと頷いた。\n', '\u3000えるゔぃすはそれまで引き締めていた顔を緩め、しっかりと頷いてみせた。\n', '\u3000それらの書物を読んだのは二年前。だが、せりあの脳みそには各ぺーじに書かれた内容がしっかりと刻み込まれていた。\n', '\u3000せりあはぱうろの杏色の目をしっかり見つめ、続けた。\n', '\u3000明日入ってくるみゅりえるも、しっかり指導しなければ。\n']",['\u3000それなのに、でにすからさらりと「好きだな」と言われると、心臓がばくんと派手に脈打った。\n'],['\u3000そのぺーじは他と違って紙が薄紫色に染められており、おどろおどろしい雰囲気が漂っていた。\n'],"['「一ゖ月間、よろしくね。でにす」\n', '「……うん、よろしく」\n', '「こんらーと様、どうかぐろすはいむを――そしてふぁりんとんをよろしくお願いします」\n', '「できたら事後報告よろしくね」\n', '\u3000――おやすみ、せりあ。明日もよろしくね。\n', '「ありがとう、皆。それじゃあ解散。また明日もよろしくね」\n', '「はい、よろしくお願いします」\n', '「み、みゅりえる・ばーんびーと申します！\u3000これから聖奏師として頑張りますので、よ、よろしくお願いします！」\n', '「……は、はい。よろしくお願いします、せりあ様！」\n', '「ふふ、それもそうね。それじゃあみすてりあすで格好いいでにす、これからもよろしく」\n', '「……。……うん、よろしく」\n', '「今晩は皆への感謝の想いを込めて、これでもかっていうほど演奏させてもらいます！\u3000りくえすとも受け付けますので、どうぞよろしくお願いします！」\n']",['\u3000気持ちを切り替え、べっどから起きあがったせりあはぱうろから差し出されたばげっとからぱんを取り、一口さいずに千切りつつ問う。\n'],['「僕、君に言わなくちゃいけないことがたくさんあるんだ。ごめんとか、ありがとうとか、いろいろ」\n'],['\u3000とはいえ、「平民の娘を蹴落とすためにお姫様が勝負を持ちかけた」というのは大嘘だ。それにせりあはみゅりえるを殺そうと城に忍び込んでもいないし、牢に放り込まれてもいない。\n'],['\u3000せりあはなんとか声を絞り出し、ふらふらする足取りでえるゔぃすのもとまで行き頭を垂れた。\n'],['\u3000たくさんの曲がり道があり、山があり、すれ違い、ぶつかり合い、辿ってきた二本の道は、やっと寄り添うことができた。\n'],['\u3000まりーはせりあが約束してくれたことに安堵したようで、すぐにとろんとした眼差しになって眠りに落ちていった。先ほどの歯磨き点検の時からうつらうつらしていたし、ずっと眠かったのだろう。\n'],['「そうそう。みゅりえるみたいな、ぶっ飛んだ正義感だけで動くだけの人形がいいんだよ。彼女、頭は悪いのにやたら発言力と周りへの影響力はあるからね、ちょうどいいときに来てくれたし、これならうまくいくと信じていた」\n'],['\u3000騎士はそんなでにすたちをいたわしげに見ていたが、にわかに入り口の方が騒がしくなったためそちらを見やった。\n'],['「何も。筆頭になってからはそれこそ来る者拒まず状態で、君がよく居残りで仕事をしていたっていう聖奏師の仕事部屋の前は毎日長蛇の列だよ。大怪我ならともかく、ちょっと肩が凝るとか切り傷ができたとか彼女にふられて辛いとか、そんなのがうじゃうじゃ」\n'],['\u3000大工はそう言ってからりと笑う。せりあは唇を噛み、まだくらくらする頭に手を当てて大工の腕にしがみついたのだった。\n'],['\u3000でにすはしばらく迷っていたようだがやがて頷いて、べっどの隣に座るよう言った。\n'],"['\u3000ふぃりぱの部屋は既にくつろぎもーどになっており、床には裸足で上がれるかーぺっとが敷かれくっしょんがいくつも転がっている。\n', '\u3000せりあも靴を脱ぎ、かーぺっとに上がった。集まった四人の娘たちは今、おそろいの寝間着を着ている。以前町へ出かけた際に、「三着以上でお買い得！」とのことだったのでまとめて買ったものである。\n', '\u3000手にした剣の先から赤黒い血が滴り、床のかーぺっとを黒く染めていく。\n']",['\u3000そう言って傭兵たちの前で自己紹介するでにすを、せりあは影からはらはらしながら見守っていた。\n'],['\u3000その場にいたのは二十代後半くらいの男性がほとんどで、その数十名ほど。部屋の中央にらんぷを置いており、その周りに飲み物や非常食があることから、夜食を食べつつ皆ででにすが帰ってくるのを待っていたというところだろうか。\n'],['\u3000丘を登るにつれ、暗闇にぽつんと浮かび上がる館の姿がどんどん大きくなってくる。ほとんどの部屋は消灯している時間だが、夜間警備係のいる場所や廊下などは明かりがついていることがある。\n'],"['\u3000優しくて、胸がどきどきするような匂い。\n', '（……すごく、胸がどきどきする）\n']",['「あら、まっくすはきれいに磨けるようになったわね。後は奥歯ね。奥歯は布で磨きにくいけれど、こう、指に布を巻き付けてみてね。頑張るのよ」\n'],['「そう。君ときたらさ、聖奏師としての教えをきっちりかっちり守っている。おかげで隙は生まれないし、騎士たちの士気もいっこうに下がらない。おまけに公爵令嬢として身分もあるから、えるゔぃすの行動に口を出すことができた。これじゃあまずいと思ったんだ。だから僕は、君の代わりにあの小娘を引っ張り出すことにしたんだよ」\n'],['\u3000彼はふぁりんとん風の名であるぽーると名乗ることにやや抵抗していたが、鋭い者ならばぱうろがぐろすはいむの名であることに気づかれてしまうのだ。\n'],"['（私、まだえるゔぃす様のことを未練たらしく想っていたのね）\n', '\u3000せりあに勝利したみゅりえるだが、今すぐに筆頭になるのは難しいとのことだ。どうやら聖奏師の元部下たちもまた勝負結果に疑問を感じていたらしく、えるゔぃすに抗議しようとしていた。\n', '\u3000女性陣は周りの者たちがめちゃくちゃに歌うのだから自分でもだんだん訳が分からなくなってきたようだが、それもどうでもよくなったらしく大笑いしている。\n', '「平民の小娘に敗北して惨めったらしく出ていくのみに留まらず、あらぬ噂も立てられおって！\u3000貴様のせいであーりんは筆頭に冷遇されて除名処分を受け、公爵家は没落したのだ！」\n', '\u3000そうして彼らの間でごーさいんが出たらしく、せりあは皆と話を詰めることになった。\n', '\u3000彼は王子とでぃーとりひの剣術指南役だったらしく、昔のこともよく知っていた。\n', '\u3000ぱうろはそう言い、どあの外に向かってきびきびと指示を出した。どあの向こうにも人がいたらしく、しばらくして朝食と飲み物が運ばれてきた。先ほどからせりあの空腹を刺激している芳香の出所は、とれいの上で湯気を立てている野菜すーぷのようだ。\n', '「それがね、最近仕事先でちょっとだけ昇格したらしくて、お給料が上がったそうなの」\n', '\u3000先ほどの剣戟で鎧を留める革が切れたらしく、下に着込んでいた服が見えている。\n', '「そうだろう？\u3000僕は世界一の犯罪者で、君の愛情を踏みにじった最低の裏切り者なんだ。だから、血にまみれ、罵声を浴び、惨めったらしく死ぬべきなんだ。十年間、そのつもりでずっと生きてきたんだよ」\n', '\u3000昨日麓町で再会したとき、でにすは買い物に連れてきていた少年を肩車してあげたのだ。どうやら館に戻った彼が皆にそのことを自慢したらしく、でにすは他の子どもたちからも自分も乗せてくれと詰め寄られていたのだ。\n', '「でにすは途中で立ち寄る場所があったらしくて、まだゔぇすて地方にいるわ。楽器を回収したらでにすを追いかけて、一緒にふぁりんとんに行く予定よ」\n', '\u3000体を起こしたぺねろぺは、倒れる寸前にかろうじて腕を前方に突っ張ったらしく、左の肘が赤くなっていた。\n', '\u3000頭突きの衝撃で唇の端が切れたらしく、彼の手の甲が掠れた血で染まっている。\n', '\u3000とりわけ子どもたちはずっとせりあのことを気にしていたらしく、本日の朝食の席では「せりあ姉ちゃんの隣に誰が座るか」で相当揉めた。そして大人たちの仲介の末に見事隣に座る権利を獲得した二人も、「どちらが右側でどちらが左側に座るか」でまた悶着を起こした。彼ら曰く右側の方がいいらしいが、せりあには違いがよく分からなかった。\n', '「なんかさ、でにすのやつが早朝訓練で相当ぶっ放したらしくて、試し切り用の丸太とかが粉々になってんの。おかげで薪が大量にできたからそれはいいんだけど、それだけじゃなくてでにすと手合わせしたやつらはみんなへとへとになっちまったそうでな。あいつ、何かあったのか？」\n', '\u3000それに気づいたせりあは青ざめたらしく、じぇいくはぎょっとしてせりあの肩を掴んできた。\n', '「最後には、陛下もお見舞いに行かれなくなったみたいなんだ。太后様は君のことも信頼していたみたいでね、どうして君を追放したのかと陛下と喧嘩したらしくて、そこからあっという間だったよ」\n', '\u3000靴下を持ったまま固まっているせりあを見かねたらしく、えいみーは囁くように言う。\n', '\u3000仲間が来たらしく、せりあはずるずると引っ張られていく。その時にばっちりと視線がぶつかった。\n', '\u3000せりあの従兄はぐろすはいむ侵略戦争で手柄を立てたらしく、おかげで公爵家はいっそう栄えた。彼は既に亡くなっているが、せりあは彼の武勇伝を何度も何度も聞かされてきた。\n', '\u3000ぱうろは既に同じ曲を何度も聞いているので飽きてきたらしく、体をぐらぐら揺らせながらぼやいている。\n', '\u3000居間に騎士たちが入ってきた。彼らはどうぞどうぞと風呂に入れられたらしく、先ほどまでは埃っぽかった髪も洗い、清潔な服を着ていた。\n']",['\u3000もちろん、南部に陣を張っているのはふぇいくだ。南門から突破すると見せかけた騎馬兵は一気に東側まで回り、警備が薄手になっている東門を突破する。\n'],['「……その、でにすになら話ができそうだから、後で相談するつもり」\n'],['「そう見えるだけだ。だが実のところ門の修繕費まで資金が回っていなくて、見た目だけなら立派な東門は常に後回しにされていたんだ。他の門はやや粗末な感じがするが、あれには鉄板の裏打ちやややこしい構造のかんぬきなどを使用している。東門は、見た目こそでかくて立派だが、重装騎馬兵隊で突撃すれば突破できるはずだ」\n'],['「料理が得意じゃなくていい。聖奏だって、そもそもおまけみたいなものだ。僕は、君さえいてくれればいいんだ。聖奏師じゃなくてもいい、ただのせりあが――好きなんだ」\n'],['\u3000今までならせりあは給仕係をしていたのだが、「今日の主役はせりあなんだから、働かずに食べて飲んでよ！」とふぃりぱたちに「せりあ仕事禁止令」を命じられたため、料理でひしめき合うてーぶるを前にちょんと座っていたのだった。\n'],['\u3000穏やかな眼差しを向けてくるこんらーとに、でぃーとりひは静かに頷いた。\n'],['「そうだね。それに、持っている力を見せびらかすのがよいとは言い切れない。いざとなったときに皆を助けるために弾ける、ってくらいが格好いいかもね」\n'],['\u3000最初からぐりんひるに寄らなければせりあを傷つけることもなかったのに、恋心を押さえつけられなくなった結果、ぐりんひるを訪れ、まざーの言葉に甘え、せりあの信頼を得た結果、傷つけてしまった。\n'],['\u3000今日は、曇り空だ。いつぞやでにすと一緒に見上げた夜空のようなきらめきがなく、空全体が濁った色に染まっている。当然月光も差さないので、ぐりんひるの草原全体が真っ暗で、夜風が丘を吹き抜ける音だけが虚しくこだましていた。\n'],['「それもそうか。おまえは騎士団の練習風景なんて、一度も見ていないだろうからな」\n'],"['\u3000このぬくもりに包まれて、もうちょっと眠っていたい。\n', '\u3000そう思って、ぬくもりに頬擦りしたのだが――\n', '\u3000一切のぬくもりの籠もらない言葉。\n', '\u3000手元の聖弦から弦が消滅し、膝の上にあったはずのでにすのぬくもりが遠のいていく。\n', '\u3000つい先ほどまでせりあが座っていたそこは、人間の尻の大きさにわずかにへこんでいた。そっとその箇所を手で撫でると、せりあが残していったぬくもりが感じられる。\n', '\u3000腕の中のせりあの温かさ。彼女が死んでいないという証であるぬくもりが、彼の心を奮い立たせる。\n', '\u3000力強さも、ぬくもりも、彼の体中から伝わってくる想いも。\n', '\u3000しぶとくせりあの心にしがみつき呪っていた枷が外れ、新しいぬくもりが生まれる。\n']","['「もしかしたらまざーだけじゃなくて、他の皆も私の正体に気づいているかもしれないけれど……やっぱり、できる限りこの力は隠しておきたいの」\n', '「それじゃ、仕度をしたらまざーのところに行こうか」\n']",['\u3000ぺねろぺは隣にいた仲間から受け取ったはんかちで涙を拭った後、元気いっぱい返事をした。返事だけは立派なのだから、早くそのおっちょこちょい具合も改善してほしいと、娘――せりあは切実に願っている。\n'],['「であるからこそ、ここで決めてみせよ。そなたが勝てば、みゅりえる・ばーんびーもそなたに従うだろう。逆にみゅりえる・ばーんびーが勝てば、そなたには筆頭としての能力がなかったということになる。皆の前で白黒つけることで、今後そなたが城内で活躍しやすくもなるのではないか？」\n'],"['「私が間違っているのなら、そもそも二年前に勝ったりはしなかったはず。えるゔぃす様も、私のことを高く評価してくれたし……ああ、そうそう、あなたってえるゔぃす様のことが好きだったんですって？\u3000かわいそうに、えるゔぃす様は、あなたのことはちょっとからかっただけって言われていたわ。今はね、私が手柄を立てたらお妃様にしてくれるって言ってくれているのよ！」\n', '\u3000きらきらの目とにやにやの口元でせりあをからかってくるのは、ふぃりぱ、えいみー、まーじの三人娘。\n', '\u3000顔見知りの皆は子どもたちやでにすと一緒に歩くせりあを見て、「いい旦那だね」「もう産まれてたのか！」とからかってくる。\n', '「今日の夕食からかっぱらってきた。せりあ、ちーずを練り込んだぱんが好きだろう？」\n']",['「ええ。……この一年間でふぃりぱたちが私用に買っておいてくれたものなの。どれも素敵で、迷ってしまって……」\n'],['\u3000筆記――せりあ・らんずべりーの回答はことごとく外れている。みゅりえる・ばーんびーの回答は間違いもあったものの、正解数はせりあ・らんずべりーよりも多い。\n'],"['\u3000せりあの体は抵抗することなく、でにすの腕の中に収まる。\n', '\u3000二年間、掃除や洗濯などの家事をすることで以前よりずっと逞しくなったせりあによる、全身全霊を込めた拳の一撃である。\n', '\u3000彼女の聖奏に対する考え方には最後まで、賛同することができなかった。\n', '\u3000勝った方が筆頭になるという宣言は、側近たちの前でも行っていた。よって、えるゔぃすとて撤回することはできなかったのだ。\n', '\u3000もう、えるゔぃすと話をすることもできないのだ。\n', '\u3000だから、それまでの間に零落することがあってはならない。\n', '\u3000せりあは早速でにすをまざーのもとに通し、彼との簡単な間柄を説明することにした。\n', '\u3000その点、昔からの付き合いがあるでにすなら今の聖奏師たちの状況を聞けたりせりあの生活の話をしたりすることができる。そんな存在が現れるのが、二年ぶりなのだ。だからきっと、自分はこれほどまでどきどきしているのだろう。\n', '\u3000途中からは皆のりくえすとを聞き、子どもたちの就寝の時間になるまで大騒ぎすることになった。\n', '「でにすが滞在していた頃は、あそこまで派手なぱーてぃーをすることはなかったわね」\n', '\u3000彼は広場に集まったぐりんひるの町人たちを見回し、服の裾を摘んで小粋にお辞儀をする。そうすることで帽子に付いた大きな羽根飾りも揺れ、一緒にお辞儀しているように見えた。\n', '「……ふぁりんとん王国に旅をした際、国民から聞いた内容を元に作詞しました。現在の国王に関することらしくて――」\n', '\u3000たまにどきっとするような台詞を口にすることはあるが、いつだってせりあを気遣い、支えてくれた人なのだ。そんな彼を疑うなんてことはできない。\n', '「……だから、事情を話して。そして、私があなたたちに協力することに利益があると判断するなら、私を王都に連れて行ってほしい」\n', '\u3000でにすのおかげで愛用の聖弦だけは手元に戻ったものの、目立つのを避けるためには聖奏師として活躍することはできない。かといって公爵家令嬢として育ったため、手に職があるわけでもない。そしてその公爵家からも勘当されたので、どこか頼る相手がいるわけでもなかった。\n', '\u3000だから、せりあたちは彼女と約束をし、それを必ず叶えるということで彼女の信頼を得ることにしたのだ。もし急用が入って約束を叶えられなくなった場合は、必ず報告をする。そうすることで、大人――とりわけ女性――は平気で嘘をつく、という彼女の固定概念を払拭させるようにしている。\n', '\u3000雑貨屋の女主人が、せりあと一緒に来店したでにすの顔を見て目を丸くしている。でにすはぐりんひるに来て日が浅い上、今まであまり外出することがなかったので、彼の顔を知っている者はまだ多くないのだ。\n', '\u3000せりあが筆頭の座を退いた聖奏師の元に弟子入りすることになった時には、「大人になったらまた会おう」と再会を約束した。\n', '\u3000だが、やはり今でもみゅりえるの方針を完全肯定することはできない。\n', '\u3000ぱうろは館の内部に興味津々らしく、せりあの横を歩きながらきょろきょろあちこちを見ている。育った環境のためか大人びた物言いをすることの多い彼だが、そうしている姿は年相応の少年だった。\n', '「……すみません、まざー。説明することはできないのです」\n', '「もうじき夕食だから、その時に皆に紹介することになるけれど、いいかしら」\n', '\u3000国王であるえるゔぃすの噂は、たまに耳にすることがある。だからまずは、城に残してきた元同僚たちが元気にやっているのかを知りたかった。\n', '\u3000ほんのりと漂う花の香りは、せりあの緊張をほんの少しだけ和らげてくれた。まーじが麓町の恋人と交際することが決まったときもこの香水を使っていたという。ふぃりぱやえいみーも、町の祭に行くときなどは必ずこの香水を付ける。なんだか、三人から勇気を分けてもらえたような気がしてきた。\n', '\u3000お遣いといっても、百人近くが暮らす館用の食材をせりあと二人の子どもたちで持って帰れるわけがない。よってせりあの仕事は、館で必要な道具の注文をして代金を先払いし、後ほど店の若者に丘まで運んでもらうよう手配することだった。特別料金を払えば台車を出して丘の上まで商品を運んでくれるので、日中は男手が不足しがちなぐりんひるの館にとって非常に有り難いさーびすである。\n', '\u3000翌日から、でにすはぐりんひるの館の一員として生活することになった。\n', '\u3000自分が退く――つまりえるゔぃすの妃になるということだが、それは口にすることができない。\n', '「私は、せりあ様のお考えに完全同意することができません。私たち聖奏師の力は、人のために使うべきです。しかし、せりあ様は聖奏師としての力を十二分に活用していないと思います」\n', '「時代は移ろい変わってゆきます。ですから陛下の御代においても、昔ながらの思考を踏襲することが正解だとは言い切れません。聖奏師の力を十分に発揮し、国民が不自由なく暮らせる国――それを目指すのにも価値があると思うのです」\n', '\u3000みゅりえるの発言の後、側近たちを含めてあれこれ議論になったものの、ここははっきりと決着を付けるべきだろうということで二者が勝負することになったのだ。\n', '\u3000確かにせりあは最後まで、みゅりえると和解することはできなかった。\n', '\u3000そしてえるゔぃすはせりあにしてもみゅりえるにしても、筆頭聖奏師を自分の虜にすることで禁断の聖奏――自分が死んだときの保険にしようとしていたのだ。\n', '「そっか。……そういえば、僕も君たちの勝負の判定に協力することになったんだよ」\n', '\u3000その元筆頭聖奏師が禁書の聖奏を提案しなかった――もしくは提案しても彼女には実行することができなかったのには、別の理由がある。\n', '「こんらーと様たちは、えるゔぃす王を討った後はふぁりんとんの統治権を手に入れるつもりだと宣言されたようだ。もちろん各国の承認も必要だろうが、ふぁりんとんの国民が熱烈に歓待しているのならば、首脳たちもこんらーと様がぐろすはいむだけでなくふぁりんとんも統治することに頷かざるを得ないだろう」\n', '\u3000そんな中現れた侵略者たちは、「国王討伐に協力してくれたら戦後、今以上の水準の生活を保証する」と宣言した。彼らに協力することで現状打破の可能性が高まるのならば、彼らだってぐろすはいむを快く受け入れるだろう。今の生活に不満を抱く者にとって、こんらーと王子たちはまさに救世主なのだ。\n', '\u3000ふぁりんとん王国では、女児が誕生すると各地方領主の屋敷に参上し、聖奏師の資格があるかどうかを検査することになっている。公爵家令嬢であるせりあも王都の機関で検査を受け、らんずべりー公爵家に恥じない数値を叩き出した、と叔父から言われている。\n', '\u3000成長するにつれて聖奏師として能力数値が上昇することは、あまりない。そのためせりあも、最初書類を見たときには記されているみゅりえるの情報に驚いたものだ。\n', '\u3000だが、これをせりあたち「聖奏師」が手にすることで、木枠は本来の姿を取る。\n', '\u3000いよいよ騎士たちはせりあへ遠慮することをやめたようだ。\n', '\u3000ここでせりあを殴ったら最後、今後聖奏師たちに仕事を依頼することができないと分かっているからである。\n']",['\u3000夕日なんて睨んでも仕方ないと分かっていても、何かに怒りをぶつけたくて仕方がなかった。\n'],['「いいのです。これも、あなたやでにすが決めたことなのでしょう？」\n'],['\u3000廊下に突っ立っていたせりあの姿を見た傭兵の一人が、たおるで顔を拭いながらやって来た。上半身裸で見事な筋肉が露わになっている。体中からほかほかと湯気が立っていることから、食後に早速訓練してきたところなのだろう。\n'],"['「……さっきの宴会、何かもうすごかったな」\n', '「せりあ様は……もっとすごかったのです。厳しいけれど優しくて、一生懸命なお方でした。……私たち、せりあ様がみゅりえる様に負けたことが未だに信じられないのです」\n']",['\u3000そして、後方部隊で待機するこんらーとのために。\n'],"['\u3000反撃の時が来るまでひたすら堪え忍んでいただけなのだ。\n', '\u3000宣言通りせりあはひたすら弱音を吐き泣きまくった翌日、気分を切り替えて朝食準備の場に立った。\n', '\u3000せりあは中央のてーぶるの前に座り、ひたすら皆のもてなしを受けていた。\n']","['\u3000各地を回って歌を吟ずるのが本職である彼らからすれば、旅をして各地の出来事を歌として書き留めるのは当然の行動だ。それも、その国で噂になっているねたや社会事情などは歌のてーまにしやすい。彼も嬉々として飛び付いたことだろう。\n', '\u3000布で磨いたりといった丁寧な手入れは、帰ってからすればいいだろう。\n', '\u3000そんな扱いを受けた人々からすれば、戦争なんてもう「どうなってもいい」ようだ。町によっては、「今の王政を倒してくれるのなら」と宿や食糧を積極的に提供してくれるところもあるくらいだ。\n']",['\u3000そこには、騎士たちを連れてこちらにやってくるえるゔぃすの姿があった。\n'],['「いや、私たちの予想だからね！\u3000でも、絶対でにすはあんたに特別な感情を持っている。こっちも案外、見ていて分かりやすいからね」\n'],"['「平民の小娘に敗北して惨めったらしく出ていくのみに留まらず、あらぬ噂も立てられおって！\u3000貴様のせいであーりんは筆頭に冷遇されて除名処分を受け、公爵家は没落したのだ！」\n', '\u3000叔父の姿を目にしても、聖奏師団に入ってみゅりえるに虐められたとかいう従妹あーりんの名を聞いても、何も感じない。\n']",['「これくらい可愛いものだよ。だって皆、君のことが好きだからちょっかいをかけてくるだけじゃないか。王都の人間はもっと姑息で、汚かった。あれに比べればほほえましいし、対応するこっちも全然苦じゃないよ」\n'],['\u3000竪琴を抱えた彼は明らかに狼狽しており、おろおろしながらでにすとせりあの顔を交互に見やっている。\n'],"['\u3000せりあは迷わなかった。\n', '\u3000ふぃりぱたちからじょなさんの話を聞いたときも、先ほど彼と話をしたときも、何とも思わなかった。\n', '\u3000ぼんやりとており脳みそがうまく機能していなかった先ほどは、少年の声を耳にしても、「館の子かな」くらいにしか思わなかった。\n', '「君の聖弦をすり替えたときだってさ、疑問に思わなかったのかい？\u3000偽物とはいえ、あんな短時間で聖弦を作れるわけないじゃないか。僕は、君がみゅりえるの軍門に下ることを拒否し、聖奏師としての身分を失うことだってちゃんと想定していた。だから前々から偽物を作って持っていたんだよ」\n', '「昔なら、狭い部屋に女性と二人っきりになった上、べっどに並んで座るようになんて言わなかったでしょう？」\n', '\u3000ふぃりぱたちは特に何も言わなかったが、夜が近づくにつれてそわそわしているせりあに、「頑張ってね」と小声で囁いてきた。\n', '\u3000えるゔぃすはそれ以上言わなかったが、せりあの立場が危ういと、えるゔぃすとの結婚も難しくなるだろう。\n']",['「でぃーとりひ様がうまく説明したってさ。今、お姉さんはでぃーとりひ様を見送るために王都まで一緒に行っているって話になってるんだ。昨夜は、でぃーとりひ様と一緒に夜の麓町で過ごしたって言っているんだって」\n'],['\u3000せりあは真っ赤になった頬を隠すように俯き、派手な水しぶきを立てながらしーつのもみ洗いを再開させる。\n'],"['\u3000せりあを騙したことも、嘘をついたことも、悲しませ、傷つけたことも、ちゃんと話をして謝りたい。\n', '\u3000短く刈り込んだ茶色の髪に、杏色の目。年は十代前半くらいだろうが、やはり館の子ではない。せりあの記憶では、麓町でも見かけたことはないはずだ。\n', '「でにすとの出逢いも、みゅりえるに負けたことも、まったくの無駄じゃない。あなたと知り合ったから、みゅりえるに負けて国を出たから、分かったこともたくさんあるわ。それにもしでにすと出会ってなかったら、私はみゅりえるに負けたときに途方に暮れて生きることすら諦め、早々に行き倒れていたでしょうね」\n', '「せりあ様は……もっとすごかったのです。厳しいけれど優しくて、一生懸命なお方でした。……私たち、せりあ様がみゅりえる様に負けたことが未だに信じられないのです」\n']","['\u3000せりあはたくさんのものを失った。\n', '（聖奏だけが取り柄だと思っていた私に、この館の皆はたくさんのことを教えてくれた）\n', '\u3000もう既に、せりあはたくさんのものを失っている。\n', '\u3000ふぁりんとん領は荒れ果てており、民の貧困だけでなく、戦争前に逃亡した貴族や将軍たちの始末など、解決すべき課題はたくさんある。\n', '\u3000あの時はたくさんの情報を与えられすぎて感情が追いつかなかったが、改めてぱうろの口からそのことを聞くと、朝食で満腹になった胃がきりきりと痛みだした。\n']","['\u3000そうはっきりと述べるみゅりえるはひょっとしたら、自分がかつては「下々の者」もとい平民だったことすら覚えていないのかもしれない。\n', '\u3000ぐりんひるどころか、でぃーとりひは生まれ故郷に戻ることすら叶わないのだ。\n', '「でにすとの出逢いも、みゅりえるに負けたことも、まったくの無駄じゃない。あなたと知り合ったから、みゅりえるに負けて国を出たから、分かったこともたくさんあるわ。それにもしでにすと出会ってなかったら、私はみゅりえるに負けたときに途方に暮れて生きることすら諦め、早々に行き倒れていたでしょうね」\n']","['「ええ、お店で休ませてもらったから元気になれたわ。まざーからは一日休むようにと言われているから、明日になったらまたみんなと遊べるからね」\n', '「それに、明日は昼間で仕事も入っていないわ。たまには寝坊してもいいってまざーからも――」\n', '\u3000でにすは早朝に出ていくらしく、その時間はまだ子どもたちは起きていない。よって子どもたちは今日就寝するまでしかでにすと一緒にいられないので、「ぼくがいっしょにあそぶ！」「おれを肩車して！」と朝から引っ張りだこだった。いつもは傭兵たちと一緒に仕事をするでにすだが、「今日くらいは皆で過ごしましょう」とまざーからの許可ももらったため、ほぼ一日子どもたちと遊んだり傭兵たちと話をしたりしていた。\n', '「そうね。まざーからもらったお金に余裕があったら、みんなのほしいものも買おうかしら」\n']",['「ああ。これからこんらーと様たちの助太刀に参る」\n'],['\u3000そう言って傭兵たちの前で自己紹介するでにすを、せりあは影からはらはらしながら見守っていた。\n'],['\u3000つまるところ、聖奏師でも打つ手なしなのだ。\n'],['「最初はね。君の可愛い顔をずたずたに切り裂いて公爵の元に送りつけたらさぞ愉快なことになるだろうなー、って子どもながら残酷なことを考えていた。まあ、それは無意味だと気づいてやめたんだけどね」\n'],['「人がたくさんあつまってるの。おまつり？」\n'],['\u3000ぱうろは既に同じ曲を何度も聞いているので飽きてきたらしく、体をぐらぐら揺らせながらぼやいている。\n'],"['\u3000以前回廊でぺねろぺを叱ったときもそうだった。\n', '\u3000でにすの呪いを解くときもそうだったが、焦っているときや体調の悪いときはなかなか弦を張れないことがある。聖奏師団にいた頃も、風邪を引いたときなどはなかなか弦を張ることができなくて苦労したものだった。\n', '「それもそうだね。だったら、この体型でよかったのかも」\n']",['\u3000あの小道を進んで館の裏手に回ると、裏口がある。正面玄関よりも貯蔵庫に近いので、食材を運んでもらうときなどは、正面ではなくこちらから出入りしてもらっているのだ。\n'],"['\u3000でにすがかろうじてすり替えてくれた聖弦も、夜中にこっそり手入れするくらいでここ二年は弾いたこともない。自室の棚の最下段にひっそりと寝かせていた。\n', '「確かにここはふぁりんとん国外で、あっちの情報もなかなか入ってこないわ。でも、情報が届くのに時間が掛かるだけであって情報網が遮断されているわけじゃない。それに、人づてで届いた情報はどうしても内容に綻びが生じたり尾ひれが付いたりするものよ。そんな嘘か誠か分からない情報を後々に耳にするくらいなら、今あなたの口から正確な現状を聞いておきたいの」\n', '「こうして長期の休暇申請が通ったのも、僕の地位が低くなったからだろうね。おまえがいなくてもなんとかなる、ってところかな。でも、僕はそれでいいと思っている。僕はみゅりえる・ばーんびーを一生好きにはなれない。周りに媚びへつらい地位を上げるために信仰集団に入団するくらいなら、お役御免される方がいいさ」\n']",['\u3000それに比べ、みゅりえるは甘えん坊で、根気がない。聖奏は好きらしくてどんどん新しい楽譜を覚えるものの、勉強はからっきしで努力さえしない。\n'],['\u3000彼はせりあの足元でうろうろする少年少女たちを見、せりあの足にしがみついている二歳の少女を見、そして肉屋の青年を見、しばらく黙っていた。\n'],['\u3000せりあの胸に芽吹いていた不安の種を軽々と吹っ飛ばしてくれて。\n'],['\u3000ああ、そうなのか、と嘆息するばかりだ。\n'],['\u3000王都では、女性が足首を見せることは「はしたない」と言われていた。基本的にろんぐすかーとで脚を隠し、もし短めのすかーとを履くことになってもぶーつやたいつで肌の露出を控える。成人女性が足首を見せてもいいのは、夫だけなのである。\n'],['\u3000ぱうろは館の内部に興味津々らしく、せりあの横を歩きながらきょろきょろあちこちを見ている。育った環境のためか大人びた物言いをすることの多い彼だが、そうしている姿は年相応の少年だった。\n'],"['「でも、君は聖奏師であることを誇りにしていた！\u3000僕を助けなかったら、君は――」\n', '「その、少しならお金もあるから、それでよかったら――」\n', '\u3000もともと叔父は姉であるせりあの母を快く思っていなかったそうで、せりあに聖奏師の能力がなかったらこっそり捨てていたのでは――と公爵家の使用人たちも噂している。もしせりあが落ちぶれることがあれば、叔父は一族の恥だと間違いなくせりあを捨てるだろう。\n', '（そういえば、男の人たちは夜に寝付けなかったら、町の酒場に行くって言っていたわ）\n', '「はい。……あなたの健康状態も気になるので無理は言えませんが、もしよかったら一曲だけでもいいので、一年前と同じ音色を聞かせてほしいのです。皆、あなたの演奏を心待ちにしていたものでして……いかがでしょうか？」\n', '「そ、そうだけど、もしいい人が見つかったらみんなにも教えるから……ね？」\n', '「君が城から出るきっかけを作らなかったら、みゅりえるは筆頭にならなかった。そうすれば、君の可愛い後輩たちは生き延びていたかもしれない。……ぺねろぺたちを殺したのは、僕だ」\n', '「でにすとの出逢いも、みゅりえるに負けたことも、まったくの無駄じゃない。あなたと知り合ったから、みゅりえるに負けて国を出たから、分かったこともたくさんあるわ。それにもしでにすと出会ってなかったら、私はみゅりえるに負けたときに途方に暮れて生きることすら諦め、早々に行き倒れていたでしょうね」\n', '「よかったらまた、こうして二人で散歩しながら話をしたいな」\n', '\u3000あの時立ち聞きされていなかったら、彼女の記憶の中の自分は、ずっとずっと美しいままでいられたのに。\n', '\u3000まさかせりあが物理的攻撃を放ってくるとは思っていなかったらしく、鍛えられた体を持つでにすも低い呻き声を上げてふらつき、周りにいた男たちがさっと気色ばんで立ち上がる。\n', '「うん。だから……もしよかったら、今王都がどうなっているか教えてくれないかしら」\n', '「……あ、ありがとう。でも、司書に見つかったら叱られちゃうわ」\n', '\u3000つまり彼は、もしせりあが筆頭から退かなかったらいざとなったときに、せりあを犠牲にするつもりだったのだ。\n', '\u3000これほどの長時間眠っていれば命の危険があるのではないかと思ったが、髪も爪も伸びた様子がない。ふぃりぱたちに確認してもらったところ、口内が乾いているというわけでもなかったらしい。\n', '「んんー……こんらーと様は、元筆頭聖奏師だったっていう女の人に相談したけど解けなかったらしいんだ。その人で無理だったなら、お姉さんでも無理でしょ」\n']","['\u3000一人の聖奏師が大声を上げると、とたんにあちこちから懐かしい顔ぶれの者たちが寄ってきた。ぐろすはいむ軍に保護されている国民たちが「せりあ」の名を聞いてぎょっとする中、せりあは四人の聖奏師に抱きつかれた。\n', '\u3000初めてでにすが来た日に部屋を案内したときしか訪れたことがない、でにすの部屋。周りは傭兵たちの部屋なので、あちこちから盛大ないびきの音が聞こえる。\n']","['\u3000そうはっきりと述べるみゅりえるはひょっとしたら、自分がかつては「下々の者」もとい平民だったことすら覚えていないのかもしれない。\n', '\u3000でにすははっきりと言い切り、驚くせりあの肩にそっと両手を乗せてきた。\n', '\u3000だんだんと頭の中もはっきりしてきた。\n', '\u3000やっと周りの声がはっきりと聞こえてくる。\n', '「もしもでにすに嫌なことをされそうになったら、嫌だとはっきり言いなさい。そこで引き下がるなら、彼はまだ紳士。引き下がらないなら、殴るなり蹴るなりしてでも逃げ出しなさい」\n', '\u3000子どもの頃は、「こんらーと様とでぃーとりひはよく似ていて、兄弟みたいね」と言われたものだが、成長すると差ははっきりしていた。\n', '\u3000そうはっきりと返し、せりあは手早く聖弦の弦を消してからけーすに片付けた。\n', '\u3000せりあははっきりと答えた。\n', '\u3000自分とみゅりえるは相容れない存在なのだと、はっきり自覚したからなのだ。\n', '「せめて、はっきりと言えばいいのに」\n', '\u3000みゅりえるの発言の後、側近たちを含めてあれこれ議論になったものの、ここははっきりと決着を付けるべきだろうということで二者が勝負することになったのだ。\n', '\u3000誰かの囁きが、今になってはっきりとせりあの耳に届いた。\n', '\u3000せりあははっきりと応える。\n']",['\u3000入り口の所に立ってやり取りを見守っていたえいみーがぱんっと手を打って子どもたちの注目を集め、その後ろで水差しとかっぷを持っていたまーじも子どもたちに声を掛ける。\n'],['\u3000えるゔぃすが死ねばこんらーとも死んでしまうはずなのに、でにすはえるゔぃすを討ちに行っている。\n'],['「えるゔぃすは自分の無能っぷりを分かっていなかったみたいだけどね。身分があり、頭もよく、筆頭聖奏師として立ち回っている君がいてあれこれ口を出していたからこそ、あいつはまともにやっていけた。……だから、ふぁりんとんを滅ぼそうと考えている僕にとっては、君は邪魔でしかなかったんだ」\n'],['\u3000せりあに連絡をしたのは、そばかすだらけの顔が可愛らしい十歳程度の少年だった。\n'],['\u3000でにすはいつもおっとりと優しそうに笑っており、知識も豊富だった。とりわけ、ふぁりんとん王国含む各国の情勢や地理歴史に堪能で、せりあは彼の｜蘊蓄《うんちく》のおかげで社会科の成績を上位で保てたのだ。\n'],"['「よしよし、分かったからちゃんとお利口についてくるんだぞ」\n', '「……そ、そうっすか。なんというか、お互い大切に想い合ってるんだろうなぁ、ってのが見てるだけで伝わってくるんっすよ」\n', '「そうそう。陛下に重宝されてるからって、俺たちにもあれこれ指図してくるんだぜ。鬱陶しいっちゃないね」\n']","['\u3000せりあは先ほどからずっと胸に抱いていた布包みをぎゅっと抱きしめた。\n', '\u3000図書館でせりあを励まし、夕暮れ時の通用口でせりあを抱きしめた人の声。\n']","['\u3000そして、いつもぐりんひるの館の子どもたちに向けていた笑顔を浮かべる。\n', '「本当に聞きたいのかい？\u3000これから先もぐりんひるで暮らしていく君には、ほぼ無縁の話だと思うんだけど」\n']","['\u3000みゅりえるはせりあの言っていることが本当に理解できていないらしく、首を傾げて言った。\n', '\u3000みゅりえるはわざわざせりあの元まで来た。彼女はせりあに勝てたことが本当に嬉しいらしく、「私ってやっぱり、せりあ様より優秀だったのですね！」「陛下からも、せりあ様に代わってよく勤めよと言われました！」と何の裏もなく喜んでいた。さらには、「私の部下になるなら、聖奏師団にいてもいいですよ？」とのたまってきたので、断固拒否した。\n', '\u3000せりあの隣に座っていた男の子が、口の周りをべたべたにしながら食べるものだから口元をはんかちで拭いてやると、その子は目を丸くした後、ぽろぽろと泣きだしてしまった。どうも一年ぶりにせりあに世話を焼いてもらえたのが嬉しいらしく、「ありがどぉ！」と鼻声になりながら自分のむーすを平らげていた。\n']",['\u3000王都では、女性が足首を見せることは「はしたない」と言われていた。基本的にろんぐすかーとで脚を隠し、もし短めのすかーとを履くことになってもぶーつやたいつで肌の露出を控える。成人女性が足首を見せてもいいのは、夫だけなのである。\n'],['\u3000城下町は既にでにすたちが血路を開いていたので、せりあの乗る軍馬は止まることなく王城に向かって疾走する。\n'],['\u3000それまでは、若く麗しい国王の姿を柱の影からこっそりと見るだけだった。\n'],"['「僕、君に言わなくちゃいけないことがたくさんあるんだ。ごめんとか、ありがとうとか、いろいろ」\n', '「それ、言わなくちゃだめ？」\n']","['「僕は、あまりにも多くの罪を負いすぎた。君を嵌めたから、ふぁりんとんは一気に零落した。そのせいで死んだ人もいる」\n', '\u3000だが、一度決めたからには進路を曲げることはできない。\n', '\u3000それまで沈黙していたせりあが喋り始めたからか、ぱうろが怪訝な顔で見つめてきた。\n']",['\u3000男性にしては長めの金髪がせりあの頬を擽り、限界まで見開かれた藍色の目がせりあの顔をくっきり映し出している。\n'],['\u3000でにすはせりあがはらはらする中、ぐりんひるの館での生活を始めた。\n'],['「それはともかくとしてね、せりあ。若い男女が夜中に二人きりで出かけるとなると、やっぱり外でいちゃいちゃするのかなぁ、と第三者は予想してしまうのよ」\n'],"['\u3000傭兵は少々酒も入っているようで、音程はめちゃくちゃだ。\n', '\u3000女性陣は周りの者たちがめちゃくちゃに歌うのだから自分でもだんだん訳が分からなくなってきたようだが、それもどうでもよくなったらしく大笑いしている。\n']",['「……せりあ様が去られてから、年長だった先輩が六人退職しました。新しく入ったのは――途中で辞めたあーりんを含めて五人で、みゅりえる様を含めた十八人で活動をしていたんです」\n'],['\u3000子どもたちは宴の興奮冷めないまま寝室に連行されたが、あっという間に寝てしまったようだ。大人と違い、子どもはおんとおふの切り替えが非常にうまいらしい。\n'],['\u3000せりあのかけ声を受け、傭兵たちが両手を広げてのびのびとした低音を歌い、子どもたちも立ち上がって可愛らしいそぷらのぼいすで主旋律を歌う。\n'],"['「……さっきまで吟遊詩人と話をしていたんだ。僕たちの身の上を明かすことはできなかったから不安だったけれど、彼も君のことを案じていたようで協力してくれたよ。……もし元気があるなら話をするけれど、どうかな？」\n', '「死に急ぎたいわけじゃないの。でも……どうしてでにすが私を殺すより生かすことにしたのかが納得できなくって」\n']","['（……今考えてみると、最初の頃の私はろくでもないことばかりしていたのね）\n', '「……そ、そこまで壮大な話じゃないと思うけれど、ここに来てよかったと本当に思っているわ。……あ、でも王都での生活が嫌なことばかりだったってわけじゃないわ。聖奏師の皆のことは今でも懐かしいし、でにすみたいに私の身分や立場に関係なく話をしてくれる人もいたもの」\n', '\u3000それまで仕事のことや仲間のことばかり考え、詰まっていた頭の中がすうっと晴れ、ふわふわとした幸福でいっぱいになる。\n']","['\u3000反射的に振り返ると、騎士たちに腕を掴まれながらもこちらに駆けてこようとする少女の姿が。\n', '\u3000先ほどはでにすが勝手に解釈をして勝手に去っていこうとするものだから、ついつい子どもたちに注意をするときのような気持ちで声を上げてしまったのだ。確かに、昔のせりあなら同じ年頃の男性に対してあのように声を上げたりはしなかっただろう。\n', '\u3000なにせ、自分たちの傷を癒してくれる聖奏師さえ、敵軍の手に落ちるくらいならとためらいなく殺す連中だ。ぐろすはいむ軍に投降しようとする国民がいれば、容赦なく斬りかかってくるだろう。\n', '\u3000まざーは女主人ではあるが、いつもこのろっきんぐちぇあに揺られて穏やかに微笑んでいる。自分から物事に関わろうとすることは滅多になく、館の采配は実質別の者が担っている状態だ。\n', '\u3000中には、侵略者であるでぃーとりひたちを排除しようとする者もいた。石を投げてきて、侵略者たちを追い払おうとする。そういう対応をされたらどうしようもないので、大人しく引き下がることにした。そういった反応をするのは、比較的王都から多めの支援を受けている地域に多いという傾向があった。\n', '\u3000中には、侵略者であるでぃーとりひたちを排除しようとする者もいた。石を投げてきて、侵略者たちを追い払おうとする。そういう対応をされたらどうしようもないので、大人しく引き下がることにした。そういった反応をするのは、比較的王都から多めの支援を受けている地域に多いという傾向があった。\n', '\u3000一生懸命勉強するせりあの姿を見ていると、己がしでかそうとすることの罪悪感で吐きそうになった。\n']",['\u3000おどけたようにでにすが言うので、せりあは少しだけ疲れた顔で微笑んだ。\n'],"['\u3000廊下に突っ立っていたせりあの姿を見た傭兵の一人が、たおるで顔を拭いながらやって来た。上半身裸で見事な筋肉が露わになっている。体中からほかほかと湯気が立っていることから、食後に早速訓練してきたところなのだろう。\n', '\u3000おそらくこの場に集まっているのは、ぐろすはいむの人間。でにすが「でぃーとりひ様」と呼ばれていることからして、でにすはきっと元々ぐろすはいむ生まれ。しかも、かなり身分が高かったのではないか。\n', '\u3000その場にいたのは二十代後半くらいの男性がほとんどで、その数十名ほど。部屋の中央にらんぷを置いており、その周りに飲み物や非常食があることから、夜食を食べつつ皆ででにすが帰ってくるのを待っていたというところだろうか。\n']","['（……それもそうよね。死人が生き返る場面なんて、誰だってお目に掛かりたくないわ）\n', '「たとえ私がみゅりえるより格下であっても、えるゔぃす様はきっと私を認めてくれる。きっと引き留めてくれるって期待していたのよ。でも、あの方はそれ以降私と会おうとなさらなかった。……ふふ、それもそうよね。公爵家追放、筆頭の身分剥奪、城内での評判は最悪。――こんな女と交際する意味なんてないものね。それだったら、私より若くて可愛くて有能なみゅりえるを選ぶのが――当然、よね」\n']",['「ああ。僕も信じがたかったけれど――そんな聖奏もあったんだな」\n'],['\u3000せっかくだからでにすを館に案内してゆっくり話をしたいと申し出ると、彼は快く了承してくれた。そして館の傭兵の代わりに、疲れて眠ってしまった二歳の女の子を抱っこして館まで来てくれることになったのだ。\n'],['\u3000でにすは早朝に出ていくらしく、その時間はまだ子どもたちは起きていない。よって子どもたちは今日就寝するまでしかでにすと一緒にいられないので、「ぼくがいっしょにあそぶ！」「おれを肩車して！」と朝から引っ張りだこだった。いつもは傭兵たちと一緒に仕事をするでにすだが、「今日くらいは皆で過ごしましょう」とまざーからの許可ももらったため、ほぼ一日子どもたちと遊んだり傭兵たちと話をしたりしていた。\n'],['（やっぱり、二年前の勝負で私が負けたから――）\n'],['\u3000重なった手のひらから、彼の熱が伝わってくる。\n'],"['\u3000さらに――先ほどぱうろから仕入れた情報だが、えるゔぃすは王都に進軍してきたでにすたちを退けるため、呪術を行使して街に火を放ったのだ。家屋はもちろん、逃げ遅れた市民も巻き添えに。\n', '\u3000気持ちを切り替え、べっどから起きあがったせりあはぱうろから差し出されたばげっとからぱんを取り、一口さいずに千切りつつ問う。\n']",['\u3000べっどに寝る騎士とその手前の椅子に座るせりあを、他の騎士たちは少し離れたところから見ている。心なしか、その目には何かに期待するような光が宿っているように感じられた。\n'],"['\u3000聖弦のけーすを袋ごと抱きしめ、せりあはこっくり頷いた。\n', '\u3000中年女性が去った後、せりあたちは顔を見合わせた。他の三人もせりあと同じ年頃の若い女性で、四人はこっくりと頷きあう。\n', '\u3000だがそれも数秒のことで、彼はせりあと視線の高さを合わせるように腰をかがめると、こっくりと頷いた。\n', '\u3000せりあがこっくり頷くと、でにすは至極残念そうな顔になった。\n']"
